39.984702	116.318417	2008-10-23 02:53:04	0	0	000	0
39.984683	116.31845	2008-10-23 02:53:10	1	0	000	0
39.984686	116.318417	2008-10-23 02:53:15	2	0	000	0
39.984688	116.318385	2008-10-23 02:53:20	3	0	000	0
39.984655	116.318263	2008-10-23 02:53:25	4	0	000	0
39.984611	116.318026	2008-10-23 02:53:30	5	0	000	0
39.984608	116.317761	2008-10-23 02:53:35	6	0	000	0
39.984563	116.317517	2008-10-23 02:53:40	7	0	000	0
39.984539	116.317294	2008-10-23 02:53:45	8	0	000	0
39.984606	116.317065	2008-10-23 02:53:50	9	0	000	0
39.984568	116.316911	2008-10-23 02:53:55	10	0	000	0
39.984586	116.316716	2008-10-23 02:54:00	11	0	000	0
39.984561	116.316527	2008-10-23 02:54:05	12	0	000	0
39.984536	116.316354	2008-10-23 02:54:10	13	0	000	0
39.984523	116.316188	2008-10-23 02:54:15	14	0	000	0
39.984516	116.315963	2008-10-23 02:54:20	15	0	000	0
39.984523	116.315823	2008-10-23 02:54:25	16	0	000	0
39.984574	116.315611	2008-10-23 02:54:30	17	0	000	0
39.984568	116.315407	2008-10-23 02:54:35	18	0	000	0
39.984538	116.315148	2008-10-23 02:54:40	19	0	000	0
39.984501	116.314907	2008-10-23 02:54:45	20	0	000	0
39.984532	116.314808	2008-10-23 02:54:50	21	0	000	0
39.984504	116.314625	2008-10-23 02:54:55	22	0	000	0
39.984485	116.314426	2008-10-23 02:55:00	23	0	000	0
39.984427	116.31424	2008-10-23 02:55:05	24	0	000	0
39.984485	116.314042	2008-10-23 02:55:10	25	0	000	0
39.98448	116.313818	2008-10-23 02:55:15	26	0	000	0
39.984501	116.313659	2008-10-23 02:55:20	27	0	000	0
39.984618	116.314323	2008-10-23 02:55:25	28	0	000	0
39.984649	116.314107	2008-10-23 02:55:30	29	0	000	0
39.984621	116.313941	2008-10-23 02:55:35	30	0	000	0
39.984655	116.313724	2008-10-23 02:55:40	31	0	000	0
39.984681	116.313521	2008-10-23 02:55:45	32	0	000	0
39.984708	116.313311	2008-10-23 02:55:50	33	0	000	0
39.984708	116.313099	2008-10-23 02:55:55	34	0	000	0
39.984696	116.312921	2008-10-23 02:56:00	35	0	000	0
39.984677	116.312746	2008-10-23 02:56:05	36	0	000	0
39.984682	116.312525	2008-10-23 02:56:10	37	0	000	0
39.984649	116.312332	2008-10-23 02:56:15	38	0	000	0
39.984641	116.312123	2008-10-23 02:56:20	39	0	000	0
39.984647	116.311917	2008-10-23 02:56:25	40	0	000	0
39.984654	116.31172	2008-10-23 02:56:30	41	0	000	0
39.984631	116.311569	2008-10-23 02:56:35	42	0	000	0
39.984647	116.31138	2008-10-23 02:56:40	43	0	000	0
39.984653	116.311189	2008-10-23 02:56:45	44	0	000	0
39.984628	116.311026	2008-10-23 02:56:50	45	0	000	0
39.984652	116.310854	2008-10-23 02:56:55	46	0	000	0
39.984656	116.31066	2008-10-23 02:57:00	47	0	000	0
39.984616	116.310534	2008-10-23 02:57:05	48	0	000	0
39.984676	116.31033	2008-10-23 02:57:10	49	0	000	0
39.984698	116.310063	2008-10-23 02:57:15	50	0	000	0
39.984696	116.309937	2008-10-23 02:57:20	51	0	000	0
39.984663	116.309851	2008-10-23 02:57:25	52	0	000	0
39.984598	116.309749	2008-10-23 02:57:30	53	0	000	0
39.98454	116.309656	2008-10-23 02:57:35	54	0	000	0
39.984525	116.309503	2008-10-23 02:57:40	55	0	000	0
39.984498	116.309348	2008-10-23 02:57:45	56	0	000	0
39.984481	116.309173	2008-10-23 02:57:50	57	0	000	0
39.984489	116.308993	2008-10-23 02:57:55	58	0	000	0
39.98447	116.308827	2008-10-23 02:58:00	59	0	000	0
39.98449	116.308638	2008-10-23 02:58:05	60	0	000	0
39.98449	116.308485	2008-10-23 02:58:10	61	0	000	0
39.984494	116.308351	2008-10-23 02:58:15	62	0	000	0
39.984499	116.308201	2008-10-23 02:58:20	63	0	000	0
39.984484	116.308049	2008-10-23 02:58:25	64	0	000	0
39.984491	116.307902	2008-10-23 02:58:30	65	0	000	0
39.984499	116.307809	2008-10-23 02:58:35	66	0	000	0
39.984472	116.307687	2008-10-23 02:58:40	67	0	000	0
39.984493	116.307548	2008-10-23 02:58:45	68	0	000	0
39.984488	116.307434	2008-10-23 02:58:50	69	0	000	0
39.984427	116.307292	2008-10-23 02:58:55	70	0	000	0
39.984428	116.307126	2008-10-23 02:59:00	71	0	000	0
39.984432	116.306943	2008-10-23 02:59:05	72	0	000	0
39.984425	116.306801	2008-10-23 02:59:10	73	0	000	0
39.984438	116.306633	2008-10-23 02:59:15	74	0	000	0
39.984462	116.306486	2008-10-23 02:59:20	75	0	000	0
39.984466	116.3063	2008-10-23 02:59:25	76	0	000	0
39.984456	116.306047	2008-10-23 02:59:30	77	0	000	0
39.984454	116.305854	2008-10-23 02:59:35	78	0	000	0
39.984412	116.305682	2008-10-23 02:59:40	79	0	000	0
39.98441	116.305466	2008-10-23 02:59:45	80	0	000	0
39.984406	116.305281	2008-10-23 02:59:50	81	0	000	0
39.984393	116.305023	2008-10-23 02:59:55	82	0	000	0
39.984356	116.304909	2008-10-23 03:00:00	83	0	000	0
39.984352	116.304704	2008-10-23 03:00:05	84	0	000	0
39.984338	116.304543	2008-10-23 03:00:10	85	0	000	0
39.984338	116.304315	2008-10-23 03:00:15	86	0	000	0
39.984349	116.304083	2008-10-23 03:00:20	87	0	000	0
39.984368	116.303934	2008-10-23 03:00:25	88	0	000	0
39.984437	116.303813	2008-10-23 03:00:30	89	0	000	0
39.984429	116.303672	2008-10-23 03:00:35	90	0	000	0
39.984342	116.303444	2008-10-23 03:00:40	91	0	000	0
39.984365	116.303298	2008-10-23 03:00:45	92	0	000	0
39.984368	116.303132	2008-10-23 03:00:50	93	0	000	0
39.984385	116.30292	2008-10-23 03:00:55	94	0	000	0
39.98438	116.302754	2008-10-23 03:01:00	95	0	000	0
39.984346	116.302601	2008-10-23 03:01:05	96	0	000	0
39.984303	116.302457	2008-10-23 03:01:10	97	0	000	0
39.984344	116.302271	2008-10-23 03:01:15	98	0	000	0
39.984341	116.302094	2008-10-23 03:01:20	99	0	000	0
39.984359	116.301888	2008-10-23 03:01:25	100	0	000	0
39.984379	116.301693	2008-10-23 03:01:30	101	0	000	0
39.984345	116.3015	2008-10-23 03:01:35	102	0	000	0
39.984345	116.301309	2008-10-23 03:01:40	103	0	000	0
39.984338	116.301107	2008-10-23 03:01:45	104	0	000	0
39.984344	116.300877	2008-10-23 03:01:50	105	0	000	0
39.984278	116.300674	2008-10-23 03:01:55	106	0	000	0
39.984276	116.300462	2008-10-23 03:02:00	107	0	000	0
39.984278	116.300307	2008-10-23 03:02:05	108	0	000	0
39.984252	116.300156	2008-10-23 03:02:10	109	0	000	0
39.984288	116.299943	2008-10-23 03:02:15	110	0	000	0
39.984283	116.29981	2008-10-23 03:02:20	111	0	000	0
39.984335	116.299744	2008-10-23 03:02:25	112	0	000	0
39.984312	116.299703	2008-10-23 03:02:30	113	0	000	0
39.984177	116.299699	2008-10-23 03:02:35	114	0	000	0
39.98414	116.299697	2008-10-23 03:02:40	115	0	000	0
39.984204	116.299721	2008-10-23 03:02:45	116	0	000	0
39.984258	116.299736	2008-10-23 03:02:50	117	0	000	0
39.984031	116.299573	2008-10-23 03:02:55	118	0	000	0
39.98379	116.299578	2008-10-23 03:03:00	119	0	000	0
39.983726	116.299566	2008-10-23 03:03:05	120	0	000	0
39.983692	116.299496	2008-10-23 03:03:10	121	0	000	0
39.983685	116.299476	2008-10-23 03:03:15	122	0	000	0
39.983639	116.299425	2008-10-23 03:03:20	123	0	000	0
39.983629	116.299353	2008-10-23 03:03:25	124	0	000	0
39.983641	116.299279	2008-10-23 03:03:30	125	0	000	0
39.983557	116.299235	2008-10-23 03:03:35	126	0	000	0
39.983509	116.299238	2008-10-23 03:03:40	127	0	000	0
39.983413	116.299267	2008-10-23 03:03:45	128	0	000	0
39.983353	116.299305	2008-10-23 03:03:50	129	0	000	0
39.983337	116.299321	2008-10-23 03:03:55	130	0	000	0
39.9833	116.299314	2008-10-23 03:04:00	131	0	000	0
39.9833	116.299314	2008-10-23 03:04:03	132	0	000	0
39.983304	116.299307	2008-10-23 03:04:05	133	0	000	0
39.983279	116.299311	2008-10-23 03:04:10	134	0	000	0
39.983302	116.299302	2008-10-23 03:04:15	135	0	000	0
39.983276	116.299265	2008-10-23 03:04:20	136	0	000	0
39.983322	116.299191	2008-10-23 03:04:25	137	0	000	0
39.983403	116.299147	2008-10-23 03:04:30	138	0	000	0
39.983548	116.299083	2008-10-23 03:04:35	139	0	000	0
39.983675	116.299031	2008-10-23 03:04:40	140	0	000	1
39.983663	116.298932	2008-10-23 03:04:45	141	0	000	1
39.983533	116.298903	2008-10-23 03:04:50	142	0	000	1
39.98359	116.298869	2008-10-23 03:04:55	143	0	000	1
39.983723	116.298825	2008-10-23 03:05:00	144	0	000	1
39.983902	116.298773	2008-10-23 03:05:05	145	0	000	1
39.984045	116.298725	2008-10-23 03:05:10	146	0	000	1
39.984019	116.298663	2008-10-23 03:05:15	147	0	000	1
39.995777	116.286798	2008-10-23 04:08:07	148	0	000	0
39.996832	116.285446	2008-10-23 04:08:12	149	0	000	0
39.984397	116.299292	2008-10-23 04:08:42	150	0	000	0
39.984426	116.299329	2008-10-23 04:08:47	151	0	000	0
39.984499	116.299413	2008-10-23 04:08:52	152	0	000	0
39.984424	116.299467	2008-10-23 04:08:57	153	0	000	0
39.98441	116.299477	2008-10-23 04:09:02	154	0	000	0
39.984421	116.299569	2008-10-23 04:09:07	155	0	000	0
39.984518	116.29953	2008-10-23 04:09:12	156	0	000	0
39.984488	116.299645	2008-10-23 04:09:17	157	0	000	0
39.98454	116.299523	2008-10-23 04:09:22	158	0	000	0
39.98446	116.299528	2008-10-23 04:09:27	159	0	000	0
39.984463	116.299508	2008-10-23 04:09:32	160	0	000	0
39.984501	116.299473	2008-10-23 04:09:37	161	0	000	0
39.984532	116.299451	2008-10-23 04:09:42	162	0	000	0
39.984532	116.299451	2008-10-23 04:09:45	163	0	000	0
39.984527	116.299451	2008-10-23 04:09:47	164	0	000	0
39.984517	116.299447	2008-10-23 04:09:52	165	0	000	0
39.984509	116.299438	2008-10-23 04:09:57	166	0	000	0
39.984497	116.299411	2008-10-23 04:10:02	167	0	000	0
39.984499	116.299405	2008-10-23 04:10:07	168	0	000	0
39.984498	116.299407	2008-10-23 04:10:12	169	0	000	0
39.984498	116.299407	2008-10-23 04:10:15	170	0	000	0
39.984493	116.299412	2008-10-23 04:10:17	171	0	000	0
39.984498	116.299466	2008-10-23 04:10:22	172	0	000	0
39.984546	116.29941	2008-10-23 04:10:27	173	0	000	0
39.984638	116.299318	2008-10-23 04:10:32	174	0	000	0
39.98473	116.299315	2008-10-23 04:10:37	175	0	000	0
39.984753	116.299305	2008-10-23 04:10:42	176	0	000	0
39.984789	116.299297	2008-10-23 04:10:47	177	0	000	0
39.984795	116.299391	2008-10-23 04:10:52	178	0	000	0
39.984778	116.299504	2008-10-23 04:10:57	179	0	000	0
39.984743	116.299617	2008-10-23 04:11:02	180	0	000	0
39.984671	116.299625	2008-10-23 04:11:07	181	0	000	0
39.984694	116.299536	2008-10-23 04:11:12	182	0	000	0
39.984733	116.29952	2008-10-23 04:11:17	183	0	000	0
39.983841	116.299902	2008-10-23 04:11:22	184	0	000	0
39.983861	116.300177	2008-10-23 04:11:27	185	0	000	0
39.983842	116.300329	2008-10-23 04:11:32	186	0	000	0
39.983984	116.300308	2008-10-23 04:11:37	187	0	000	0
39.984126	116.300188	2008-10-23 04:11:42	188	0	000	0
39.984246	116.300058	2008-10-23 04:11:47	189	0	000	0
39.984373	116.300019	2008-10-23 04:11:52	190	0	000	0
39.984533	116.300043	2008-10-23 04:11:57	191	0	000	0
39.984723	116.300058	2008-10-23 04:12:02	192	0	000	0
39.984789	116.300151	2008-10-23 04:12:07	193	0	000	0
39.984837	116.300216	2008-10-23 04:12:12	194	0	000	0
39.984859	116.300332	2008-10-23 04:12:17	195	0	000	0
39.984888	116.300514	2008-10-23 04:12:22	196	0	000	0
39.984896	116.300689	2008-10-23 04:12:27	197	0	000	0
39.984905	116.300885	2008-10-23 04:12:32	198	0	000	0
39.984911	116.301049	2008-10-23 04:12:37	199	0	000	0
39.984925	116.301221	2008-10-23 04:12:42	200	0	000	0
39.98493	116.301391	2008-10-23 04:12:47	201	0	000	0
39.984938	116.301568	2008-10-23 04:12:52	202	0	000	0
39.984948	116.301741	2008-10-23 04:12:57	203	0	000	0
39.984945	116.301915	2008-10-23 04:13:02	204	0	000	0
39.984953	116.302055	2008-10-23 04:13:07	205	0	000	0
39.984953	116.302264	2008-10-23 04:13:12	206	0	000	0
39.98496	116.302488	2008-10-23 04:13:17	207	0	000	0
39.984973	116.302679	2008-10-23 04:13:22	208	0	000	0
39.984983	116.30286	2008-10-23 04:13:27	209	0	000	0
39.985009	116.303037	2008-10-23 04:13:32	210	0	000	0
39.985043	116.303258	2008-10-23 04:13:37	211	0	000	0
39.98503	116.303496	2008-10-23 04:13:42	212	0	000	0
39.985039	116.303685	2008-10-23 04:13:47	213	0	000	0
39.985028	116.303884	2008-10-23 04:13:52	214	0	000	0
39.984993	116.304067	2008-10-23 04:13:57	215	0	000	0
39.985027	116.304163	2008-10-23 04:14:02	216	0	000	0
39.985038	116.30426	2008-10-23 04:14:07	217	0	000	0
39.985042	116.304459	2008-10-23 04:14:12	218	0	000	0
39.985029	116.304647	2008-10-23 04:14:17	219	0	000	0
39.985023	116.304811	2008-10-23 04:14:22	220	0	000	0
39.985031	116.304927	2008-10-23 04:14:27	221	0	000	0
39.985082	116.305192	2008-10-23 04:14:32	222	0	000	0
39.985105	116.305348	2008-10-23 04:14:37	223	0	000	0
39.985132	116.305499	2008-10-23 04:14:42	224	0	000	0
39.985169	116.305649	2008-10-23 04:14:47	225	0	000	0
39.985135	116.305834	2008-10-23 04:14:52	226	0	000	0
39.985146	116.305984	2008-10-23 04:14:57	227	0	000	0
39.985131	116.306178	2008-10-23 04:15:02	228	0	000	0
39.985127	116.306363	2008-10-23 04:15:07	229	0	000	0
39.985135	116.306531	2008-10-23 04:15:12	230	0	000	0
39.985157	116.306711	2008-10-23 04:15:17	231	0	000	0
39.98517	116.306893	2008-10-23 04:15:22	232	0	000	0
39.985154	116.307092	2008-10-23 04:15:27	233	0	000	0
39.985184	116.307341	2008-10-23 04:15:32	234	0	000	0
39.98521	116.30751	2008-10-23 04:15:37	235	0	000	0
39.985231	116.307633	2008-10-23 04:15:42	236	0	000	0
39.98526	116.307735	2008-10-23 04:15:47	237	0	000	0
39.98524	116.307933	2008-10-23 04:15:52	238	0	000	0
39.985225	116.308133	2008-10-23 04:15:57	239	0	000	0
39.985256	116.308313	2008-10-23 04:16:02	240	0	000	0
39.985218	116.308579	2008-10-23 04:16:07	241	0	000	0
39.985201	116.308774	2008-10-23 04:16:12	242	0	000	0
39.985203	116.30898	2008-10-23 04:16:17	243	0	000	0
39.985221	116.309152	2008-10-23 04:16:22	244	0	000	0
39.985194	116.30931	2008-10-23 04:16:27	245	0	000	0
39.985161	116.309494	2008-10-23 04:16:32	246	0	000	0
39.98519	116.309701	2008-10-23 04:16:37	247	0	000	0
39.985202	116.309888	2008-10-23 04:16:42	248	0	000	0
39.985282	116.30998	2008-10-23 04:16:47	249	0	000	0
39.985443	116.30998	2008-10-23 04:16:52	250	0	000	0
39.985579	116.309969	2008-10-23 04:16:57	251	0	000	0
39.985721	116.309961	2008-10-23 04:17:02	252	0	000	0
39.98584	116.309941	2008-10-23 04:17:07	253	0	000	0
39.98595	116.309978	2008-10-23 04:17:12	254	0	000	0
39.986051	116.310034	2008-10-23 04:17:17	255	0	000	0
39.986174	116.310025	2008-10-23 04:17:22	256	0	000	0
39.986305	116.309956	2008-10-23 04:17:27	257	0	000	0
39.986461	116.309885	2008-10-23 04:17:32	258	0	000	0
39.986611	116.309862	2008-10-23 04:17:37	259	0	000	0
39.986697	116.309893	2008-10-23 04:17:42	260	0	000	0
39.986793	116.309956	2008-10-23 04:17:47	261	0	000	0
39.986929	116.309974	2008-10-23 04:17:52	262	0	000	0
39.987073	116.309987	2008-10-23 04:17:57	263	0	000	0
39.987211	116.310004	2008-10-23 04:18:02	264	0	000	0
39.987325	116.31007	2008-10-23 04:18:07	265	0	000	0
39.987458	116.310084	2008-10-23 04:18:12	266	0	000	0
39.987591	116.310088	2008-10-23 04:18:17	267	0	000	0
39.987747	116.310049	2008-10-23 04:18:22	268	0	000	0
39.987884	116.310027	2008-10-23 04:18:27	269	0	000	0
39.988008	116.310059	2008-10-23 04:18:32	270	0	000	0
39.988111	116.310052	2008-10-23 04:18:37	271	0	000	0
39.988293	116.309902	2008-10-23 04:18:42	272	0	000	0
39.988397	116.309931	2008-10-23 04:18:47	273	0	000	0
39.988553	116.309866	2008-10-23 04:18:52	274	0	000	0
39.988679	116.309824	2008-10-23 04:18:57	275	0	000	0
39.988772	116.309784	2008-10-23 04:19:02	276	0	000	0
39.988901	116.309793	2008-10-23 04:19:07	277	0	000	0
39.989029	116.309833	2008-10-23 04:19:12	278	0	000	0
39.989173	116.309866	2008-10-23 04:19:17	279	0	000	0
39.989287	116.309905	2008-10-23 04:19:22	280	0	000	0
39.989392	116.309949	2008-10-23 04:19:27	281	0	000	0
39.989519	116.310031	2008-10-23 04:19:32	282	0	000	0
39.989628	116.310049	2008-10-23 04:19:37	283	0	000	0
39.989762	116.310024	2008-10-23 04:19:42	284	0	000	0
39.989838	116.310098	2008-10-23 04:19:47	285	0	000	0
39.989981	116.310115	2008-10-23 04:19:52	286	0	000	0
39.990089	116.310169	2008-10-23 04:19:57	287	0	000	0
39.990219	116.310215	2008-10-23 04:20:02	288	0	000	0
39.990325	116.310258	2008-10-23 04:20:07	289	0	000	0
39.990406	116.310277	2008-10-23 04:20:12	290	0	000	0
39.99056	116.31019	2008-10-23 04:20:17	291	0	000	0
39.99065	116.310134	2008-10-23 04:20:22	292	0	000	0
39.990693	116.310114	2008-10-23 04:20:27	293	0	000	0
39.990696	116.310111	2008-10-23 04:20:32	294	0	000	0
39.990698	116.310105	2008-10-23 04:20:37	295	0	000	0
39.990698	116.310103	2008-10-23 04:20:42	296	0	000	0
39.990696	116.310101	2008-10-23 04:20:47	297	0	000	0
39.990695	116.310095	2008-10-23 04:20:52	298	0	000	0
39.990692	116.310092	2008-10-23 04:20:57	299	0	000	0
39.99069	116.31009	2008-10-23 04:21:02	300	0	000	0
39.990689	116.310088	2008-10-23 04:21:07	301	0	000	0
39.990689	116.310087	2008-10-23 04:21:12	302	0	000	0
39.990689	116.310087	2008-10-23 04:21:15	303	0	000	0
39.990696	116.31009	2008-10-23 04:21:17	304	0	000	0
39.990743	116.310066	2008-10-23 04:21:22	305	0	000	0
39.990793	116.310109	2008-10-23 04:21:27	306	0	000	0
39.990837	116.310205	2008-10-23 04:21:32	307	0	000	0
39.990873	116.310318	2008-10-23 04:21:37	308	0	000	0
39.990887	116.310479	2008-10-23 04:21:42	309	0	000	0
39.990874	116.310657	2008-10-23 04:21:47	310	0	000	0
39.990906	116.310827	2008-10-23 04:21:52	311	0	000	0
39.990921	116.310971	2008-10-23 04:21:57	312	0	000	0
39.990933	116.311149	2008-10-23 04:22:02	313	0	000	0
39.990969	116.311312	2008-10-23 04:22:07	314	0	000	0
39.990994	116.311507	2008-10-23 04:22:12	315	0	000	0
39.991014	116.311693	2008-10-23 04:22:17	316	0	000	0
39.99101	116.311915	2008-10-23 04:22:22	317	0	000	0
39.991033	116.312107	2008-10-23 04:22:27	318	0	000	0
39.991055	116.312282	2008-10-23 04:22:32	319	0	000	0
39.991058	116.312473	2008-10-23 04:22:37	320	0	000	0
39.991032	116.312666	2008-10-23 04:22:42	321	0	000	0
39.991024	116.312853	2008-10-23 04:22:47	322	0	000	0
39.991022	116.313047	2008-10-23 04:22:52	323	0	000	0
39.991018	116.313244	2008-10-23 04:22:57	324	0	000	0
39.991016	116.313469	2008-10-23 04:23:02	325	0	000	0
39.991035	116.313681	2008-10-23 04:23:07	326	0	000	0
39.991063	116.31384	2008-10-23 04:23:12	327	0	000	0
39.991072	116.31403	2008-10-23 04:23:17	328	0	000	0
39.991068	116.314209	2008-10-23 04:23:22	329	0	000	0
39.991095	116.314385	2008-10-23 04:23:27	330	0	000	0
39.991113	116.314596	2008-10-23 04:23:32	331	0	000	0
39.991128	116.314797	2008-10-23 04:23:37	332	0	000	0
39.991127	116.315003	2008-10-23 04:23:42	333	0	000	0
39.991148	116.315193	2008-10-23 04:23:47	334	0	000	0
39.991176	116.315342	2008-10-23 04:23:52	335	0	000	0
39.991215	116.315529	2008-10-23 04:23:57	336	0	000	0
39.991209	116.315643	2008-10-23 04:24:02	337	0	000	0
39.991191	116.31579	2008-10-23 04:24:07	338	0	000	0
39.991188	116.315958	2008-10-23 04:24:12	339	0	000	0
39.991189	116.316172	2008-10-23 04:24:17	340	0	000	0
39.991186	116.316381	2008-10-23 04:24:22	341	0	000	0
39.991194	116.316575	2008-10-23 04:24:27	342	0	000	0
39.991208	116.316756	2008-10-23 04:24:32	343	0	000	0
39.99122	116.316999	2008-10-23 04:24:37	344	0	000	0
39.991197	116.317235	2008-10-23 04:24:42	345	0	000	0
39.991183	116.317452	2008-10-23 04:24:47	346	0	000	0
39.991164	116.317661	2008-10-23 04:24:52	347	0	000	0
39.991187	116.317874	2008-10-23 04:24:57	348	0	000	0
39.991179	116.318083	2008-10-23 04:25:02	349	0	000	0
39.991132	116.318231	2008-10-23 04:25:07	350	0	000	0
39.991169	116.31848	2008-10-23 04:25:12	351	0	000	0
39.991183	116.318691	2008-10-23 04:25:17	352	0	000	0
39.991204	116.318904	2008-10-23 04:25:22	353	0	000	0
39.991201	116.319098	2008-10-23 04:25:27	354	0	000	0
39.991194	116.319315	2008-10-23 04:25:32	355	0	000	0
39.991187	116.31949	2008-10-23 04:25:37	356	0	000	0
39.991206	116.319683	2008-10-23 04:25:42	357	0	000	0
39.991239	116.319866	2008-10-23 04:25:47	358	0	000	0
39.991258	116.320062	2008-10-23 04:25:52	359	0	000	0
39.991282	116.320255	2008-10-23 04:25:57	360	0	000	0
39.991288	116.320445	2008-10-23 04:26:02	361	0	000	0
39.991308	116.320622	2008-10-23 04:26:07	362	0	000	0
39.991325	116.320803	2008-10-23 04:26:12	363	0	000	0
39.991352	116.321002	2008-10-23 04:26:17	364	0	000	0
39.991382	116.321179	2008-10-23 04:26:22	365	0	000	0
39.991388	116.321384	2008-10-23 04:26:27	366	0	000	0
39.991389	116.321583	2008-10-23 04:26:32	367	0	000	0
39.991368	116.321736	2008-10-23 04:26:37	368	0	000	0
39.99141	116.321874	2008-10-23 04:26:42	369	0	000	0
39.991412	116.322004	2008-10-23 04:26:47	370	0	000	0
39.991406	116.322176	2008-10-23 04:26:52	371	0	000	0
39.991403	116.322296	2008-10-23 04:26:57	372	0	000	0
39.991401	116.322436	2008-10-23 04:27:02	373	0	000	0
39.991477	116.322668	2008-10-23 04:27:07	374	0	000	0
39.991591	116.322784	2008-10-23 04:27:12	375	0	000	0
39.991716	116.322778	2008-10-23 04:27:17	376	0	000	0
39.991863	116.322774	2008-10-23 04:27:22	377	0	000	0
39.992007	116.322784	2008-10-23 04:27:27	378	0	000	0
39.992201	116.322812	2008-10-23 04:27:32	379	0	000	0
39.992365	116.3228	2008-10-23 04:27:37	380	0	000	0
39.992456	116.322797	2008-10-23 04:27:42	381	0	000	0
39.9926	116.32281	2008-10-23 04:27:47	382	0	000	0
39.992777	116.322891	2008-10-23 04:27:52	383	0	000	0
39.992883	116.322891	2008-10-23 04:27:57	384	0	000	0
39.993001	116.322713	2008-10-23 04:28:02	385	0	000	0
39.993077	116.322617	2008-10-23 04:28:07	386	0	000	0
39.993222	116.322651	2008-10-23 04:28:12	387	0	000	0
39.993429	116.32276	2008-10-23 04:28:17	388	0	000	0
39.993535	116.322744	2008-10-23 04:28:22	389	0	000	0
39.99364	116.322658	2008-10-23 04:28:27	390	0	000	0
39.993796	116.322579	2008-10-23 04:28:32	391	0	000	0
39.994055	116.322804	2008-10-23 04:28:37	392	0	000	0
39.994175	116.322829	2008-10-23 04:28:42	393	0	000	0
39.994276	116.322786	2008-10-23 04:28:47	394	0	000	0
39.994471	116.322763	2008-10-23 04:28:52	395	0	000	0
39.994648	116.322723	2008-10-23 04:28:57	396	0	000	0
39.99481	116.322641	2008-10-23 04:29:02	397	0	000	0
39.994946	116.322625	2008-10-23 04:29:07	398	0	000	0
39.995093	116.32262	2008-10-23 04:29:12	399	0	000	0
39.995235	116.322606	2008-10-23 04:29:17	400	0	000	0
39.995392	116.322607	2008-10-23 04:29:22	401	0	000	0
39.995567	116.322533	2008-10-23 04:29:27	402	0	000	0
39.995718	116.32252	2008-10-23 04:29:32	403	0	000	0
39.995852	116.322517	2008-10-23 04:29:37	404	0	000	0
39.995993	116.322556	2008-10-23 04:29:42	405	0	000	0
39.99611	116.322544	2008-10-23 04:29:47	406	0	000	0
39.996234	116.322552	2008-10-23 04:29:52	407	0	000	0
39.996392	116.322481	2008-10-23 04:29:57	408	0	000	0
39.996534	116.322464	2008-10-23 04:30:02	409	0	000	0
39.996632	116.322425	2008-10-23 04:30:07	410	0	000	0
39.996645	116.322412	2008-10-23 04:30:12	411	0	000	0
39.996725	116.322348	2008-10-23 04:30:17	412	0	000	0
39.996881	116.322337	2008-10-23 04:30:22	413	0	000	0
39.997081	116.322428	2008-10-23 04:30:27	414	0	000	0
39.997277	116.322428	2008-10-23 04:30:32	415	0	000	0
39.997592	116.322314	2008-10-23 04:30:37	416	0	000	0
39.99775	116.322301	2008-10-23 04:30:42	417	0	000	0
39.997865	116.322317	2008-10-23 04:30:47	418	0	000	0
39.997988	116.32231	2008-10-23 04:30:52	419	0	000	0
39.998151	116.322261	2008-10-23 04:30:57	420	0	000	0
39.998307	116.322268	2008-10-23 04:31:02	421	0	000	0
39.998452	116.322236	2008-10-23 04:31:07	422	0	000	0
39.998603	116.322225	2008-10-23 04:31:12	423	0	000	0
39.998753	116.322225	2008-10-23 04:31:17	424	0	000	0
39.998895	116.322254	2008-10-23 04:31:22	425	0	000	0
39.999078	116.322196	2008-10-23 04:31:27	426	0	000	0
39.999218	116.322176	2008-10-23 04:31:32	427	0	000	0
39.999364	116.322161	2008-10-23 04:31:37	428	0	000	0
39.999484	116.322148	2008-10-23 04:31:42	429	0	000	0
39.999607	116.322178	2008-10-23 04:31:47	430	0	000	0
39.999602	116.322324	2008-10-23 04:31:52	431	0	000	0
39.999603	116.322434	2008-10-23 04:31:57	432	0	000	0
39.999586	116.322587	2008-10-23 04:32:02	433	0	000	0
39.999573	116.32276	2008-10-23 04:32:07	434	0	000	0
39.999572	116.322932	2008-10-23 04:32:12	435	0	000	0
39.999565	116.323134	2008-10-23 04:32:17	436	0	000	0
39.999569	116.32328	2008-10-23 04:32:22	437	0	000	0
39.999575	116.323448	2008-10-23 04:32:27	438	0	000	0
39.999568	116.323605	2008-10-23 04:32:32	439	0	000	0
39.999558	116.323605	2008-10-23 04:32:37	440	0	000	0
39.999581	116.323732	2008-10-23 04:32:42	441	0	000	0
39.999653	116.324069	2008-10-23 04:32:47	442	0	000	0
39.999678	116.324258	2008-10-23 04:32:52	443	0	000	1
39.999646	116.324405	2008-10-23 04:32:57	444	0	000	1
39.999676	116.324452	2008-10-23 04:33:02	445	0	000	1
39.999678	116.324453	2008-10-23 04:33:07	446	0	000	1
39.999682	116.324455	2008-10-23 04:33:12	447	0	000	1
39.999682	116.324455	2008-10-23 04:33:15	448	0	000	1
39.999676	116.324456	2008-10-23 04:33:17	449	0	000	1
39.999641	116.32451	2008-10-23 04:33:22	450	0	000	1
39.999662	116.324481	2008-10-23 04:33:27	451	0	000	1
39.999651	116.324477	2008-10-23 04:33:32	452	0	000	1
39.999664	116.324493	2008-10-23 04:33:37	453	0	000	1
39.999684	116.324511	2008-10-23 04:33:42	454	0	000	1
39.999684	116.324511	2008-10-23 04:33:45	455	0	000	1
39.999678	116.324511	2008-10-23 04:33:47	456	0	000	1
39.999667	116.324512	2008-10-23 04:33:52	457	0	000	1
39.999655	116.324513	2008-10-23 04:33:57	458	0	000	1
39.999703	116.324496	2008-10-23 04:34:02	459	0	000	1
39.99956	116.324498	2008-10-23 04:34:07	460	0	000	1
39.999506	116.324545	2008-10-23 04:34:12	461	0	000	1
39.999516	116.324531	2008-10-23 04:34:17	462	0	000	1
39.999567	116.324478	2008-10-23 04:34:22	463	0	000	1
39.999573	116.3246	2008-10-23 04:34:27	464	0	000	1
39.999538	116.324639	2008-10-23 04:34:32	465	0	000	1
39.999598	116.324684	2008-10-23 04:34:37	466	0	000	1
39.999666	116.324722	2008-10-23 04:34:42	467	0	000	1
39.999729	116.324801	2008-10-23 04:34:47	468	0	000	1
39.999769	116.324886	2008-10-23 04:34:52	469	0	000	1
40.004775	116.320158	2008-10-23 09:42:25	470	0	000	0
40.004783	116.320388	2008-10-23 09:42:30	471	0	000	0
40.004799	116.320545	2008-10-23 09:42:35	472	0	000	0
40.004835	116.320683	2008-10-23 09:42:40	473	0	000	0
40.004851	116.320835	2008-10-23 09:42:45	474	0	000	0
40.004868	116.32101	2008-10-23 09:42:50	475	0	000	0
40.004849	116.321153	2008-10-23 09:42:55	476	0	000	0
40.004879	116.321277	2008-10-23 09:43:00	477	0	000	0
40.004962	116.321318	2008-10-23 09:43:05	478	0	000	0
40.005088	116.32128	2008-10-23 09:43:10	479	0	000	0
40.00525	116.32126	2008-10-23 09:43:15	480	0	000	0
40.005455	116.321389	2008-10-23 09:43:20	481	0	000	0
40.005621	116.321455	2008-10-23 09:43:25	482	0	000	0
40.005738	116.321491	2008-10-23 09:43:30	483	0	000	0
40.005883	116.321518	2008-10-23 09:43:35	484	0	000	0
40.006051	116.321521	2008-10-23 09:43:40	485	0	000	0
40.006178	116.321463	2008-10-23 09:43:45	486	0	000	0
40.00633	116.321461	2008-10-23 09:43:50	487	0	000	0
40.006482	116.321474	2008-10-23 09:43:55	488	0	000	0
40.006631	116.321459	2008-10-23 09:44:00	489	0	000	0
40.006813	116.321447	2008-10-23 09:44:05	490	0	000	0
40.006974	116.321454	2008-10-23 09:44:10	491	0	000	0
40.007122	116.321396	2008-10-23 09:44:15	492	0	000	0
40.007235	116.321356	2008-10-23 09:44:20	493	0	000	0
40.00741	116.321395	2008-10-23 09:44:25	494	0	000	0
40.007571	116.321412	2008-10-23 09:44:30	495	0	000	0
40.007715	116.321414	2008-10-23 09:44:35	496	0	000	0
40.007862	116.321426	2008-10-23 09:44:40	497	0	000	0
40.008034	116.321437	2008-10-23 09:44:45	498	0	000	0
40.00817	116.321441	2008-10-23 09:44:50	499	0	000	0
40.008337	116.321425	2008-10-23 09:44:55	500	0	000	0
40.008515	116.321421	2008-10-23 09:45:00	501	0	000	1
40.008668	116.321446	2008-10-23 09:45:05	502	0	000	1
40.008782	116.321443	2008-10-23 09:45:10	503	0	000	1
40.008843	116.321385	2008-10-23 09:45:15	504	0	000	1
40.008884	116.321402	2008-10-23 09:45:20	505	0	000	1
40.00895	116.321449	2008-10-23 09:45:25	506	0	000	1
40.009006	116.321502	2008-10-23 09:45:30	507	0	000	1
40.009026	116.321564	2008-10-23 09:45:35	508	0	000	1
40.009011	116.321623	2008-10-23 09:45:40	509	0	000	1
40.009021	116.321625	2008-10-23 09:45:45	510	0	000	1
40.009021	116.321625	2008-10-23 09:45:48	511	0	000	1
40.00902	116.321631	2008-10-23 09:45:50	512	0	000	1
40.009013	116.321659	2008-10-23 09:45:55	513	0	000	1
40.008921	116.321484	2008-10-23 09:49:20	514	0	000	1
40.008582	116.322217	2008-10-23 09:49:40	515	0	000	1
40.008481	116.32244	2008-10-23 09:49:45	516	0	000	1
40.008496	116.322406	2008-10-23 09:49:50	517	0	000	1
40.00888	116.321628	2008-10-23 09:49:55	518	0	000	1
40.00898	116.321587	2008-10-23 09:50:00	519	0	000	1
40.00898	116.321544	2008-10-23 09:50:05	520	0	000	1
40.008984	116.321525	2008-10-23 09:50:10	521	0	000	1
40.008984	116.321525	2008-10-23 09:50:13	522	0	000	1
40.008982	116.321517	2008-10-23 09:50:15	523	0	000	1
40.008958	116.321457	2008-10-23 09:50:20	524	0	000	1
40.008971	116.321436	2008-10-23 09:50:25	525	0	000	1
40.009022	116.321434	2008-10-23 09:50:30	526	0	000	1
40.009025	116.321374	2008-10-23 09:50:35	527	0	000	1
40.00903	116.321397	2008-10-23 09:50:40	528	0	000	1
40.009062	116.321462	2008-10-23 09:50:45	529	0	000	0
40.009081	116.321486	2008-10-23 09:50:50	530	0	000	0
40.00908	116.321479	2008-10-23 09:50:55	531	0	000	0
40.00908	116.321479	2008-10-23 09:50:58	532	0	000	0
40.009081	116.321481	2008-10-23 09:51:00	533	0	000	0
40.009083	116.321491	2008-10-23 09:51:05	534	0	000	0
40.009094	116.32152	2008-10-23 09:51:10	535	0	000	1
40.009072	116.321585	2008-10-23 09:51:15	536	0	000	1
40.009083	116.321467	2008-10-23 09:51:20	537	0	000	1
40.00908	116.321442	2008-10-23 09:51:25	538	0	000	1
40.009087	116.321453	2008-10-23 09:51:30	539	0	000	1
40.009065	116.321479	2008-10-23 09:51:35	540	0	000	1
40.009071	116.321517	2008-10-23 09:51:40	541	0	000	1
40.009075	116.32156	2008-10-23 09:51:45	542	0	000	1
40.009105	116.321616	2008-10-23 09:51:50	543	0	000	1
40.00908	116.32156	2008-10-23 09:51:55	544	0	000	1
40.009031	116.321491	2008-10-23 09:52:00	545	0	000	1
40.008995	116.321407	2008-10-23 09:52:05	546	0	000	1
40.008995	116.321407	2008-10-23 09:52:08	547	0	000	1
40.008999	116.321412	2008-10-23 09:52:10	548	0	000	1
40.008997	116.321399	2008-10-23 09:52:15	549	0	000	1
40.008994	116.321389	2008-10-23 09:52:20	550	0	000	1
40.008994	116.321389	2008-10-23 09:52:23	551	0	000	1
40.008995	116.321392	2008-10-23 09:52:25	552	0	000	1
40.009235	116.321472	2008-10-23 09:52:30	553	0	000	1
40.009268	116.321446	2008-10-23 09:52:35	554	0	000	1
40.00927	116.321447	2008-10-23 09:52:40	555	0	000	1
40.00927	116.321447	2008-10-23 09:52:43	556	0	000	1
40.009272	116.321451	2008-10-23 09:52:45	557	0	000	1
40.00928	116.321473	2008-10-23 09:52:50	558	0	000	1
40.009278	116.32147	2008-10-23 09:52:51	559	0	000	1
40.009242	116.321445	2008-10-23 09:52:56	560	0	000	1
40.009187	116.32143	2008-10-23 09:53:01	561	0	000	1
40.009098	116.321437	2008-10-23 09:53:06	562	0	000	1
40.009045	116.321485	2008-10-23 09:53:11	563	0	000	1
40.009008	116.321449	2008-10-23 09:53:16	564	0	000	1
40.008993	116.321501	2008-10-23 09:53:21	565	0	000	1
40.009017	116.321558	2008-10-23 09:53:26	566	0	000	1
40.008999	116.321511	2008-10-23 09:53:31	567	0	000	1
40.008999	116.321511	2008-10-23 09:53:34	568	0	000	1
40.008997	116.321518	2008-10-23 09:53:36	569	0	000	1
40.008999	116.321537	2008-10-23 09:53:41	570	0	000	1
40.009026	116.321518	2008-10-23 09:53:46	571	0	000	1
40.009009	116.321499	2008-10-23 09:53:51	572	0	000	1
40.009009	116.321499	2008-10-23 09:53:54	573	0	000	1
40.009011	116.321506	2008-10-23 09:53:56	574	0	000	1
40.009013	116.321522	2008-10-23 09:54:01	575	0	000	1
40.009012	116.321576	2008-10-23 09:54:06	576	0	000	1
40.009034	116.321569	2008-10-23 09:54:11	577	0	000	1
40.009034	116.321569	2008-10-23 09:54:14	578	0	000	1
40.009038	116.321575	2008-10-23 09:54:16	579	0	000	1
40.009024	116.321614	2008-10-23 09:54:21	580	0	000	1
40.009015	116.321526	2008-10-23 09:54:26	581	0	000	1
40.008997	116.321432	2008-10-23 09:54:31	582	0	000	1
40.008995	116.321455	2008-10-23 09:54:36	583	0	000	1
40.008997	116.321485	2008-10-23 09:54:41	584	0	000	1
40.009032	116.32151	2008-10-23 09:54:46	585	0	000	1
40.009074	116.32148	2008-10-23 09:54:51	586	0	000	1
40.009101	116.32153	2008-10-23 09:54:56	587	0	000	1
40.009157	116.321596	2008-10-23 09:55:01	588	0	000	1
40.009219	116.321657	2008-10-23 09:55:06	589	0	000	1
40.009247	116.321721	2008-10-23 09:55:11	590	0	000	1
40.009273	116.321781	2008-10-23 09:55:16	591	0	000	1
40.009313	116.321871	2008-10-23 09:55:21	592	0	000	1
40.009344	116.321952	2008-10-23 09:55:26	593	0	000	1
40.009356	116.322007	2008-10-23 09:55:31	594	0	000	1
40.009386	116.322103	2008-10-23 09:55:36	595	0	000	1
40.009356	116.322121	2008-10-23 09:55:41	596	0	000	1
40.009353	116.322135	2008-10-23 09:55:46	597	0	000	1
40.009319	116.322152	2008-10-23 09:55:51	598	0	000	1
40.009394	116.322162	2008-10-23 09:55:56	599	0	000	1
40.009399	116.322179	2008-10-23 09:56:01	600	0	000	1
40.009344	116.32219	2008-10-23 09:56:06	601	0	000	1
40.009342	116.322177	2008-10-23 09:56:11	602	0	000	1
40.009318	116.32219	2008-10-23 09:56:16	603	0	000	1
40.009287	116.322206	2008-10-23 09:56:21	604	0	000	1
40.00927	116.32222	2008-10-23 09:56:26	605	0	000	1
40.009351	116.321916	2008-10-23 10:02:04	606	0	000	1
40.009336	116.321838	2008-10-23 10:02:09	607	0	000	1
40.009331	116.321811	2008-10-23 10:02:14	608	0	000	1
40.009314	116.321823	2008-10-23 10:02:19	609	0	000	1
40.009314	116.321833	2008-10-23 10:02:24	610	0	000	1
40.009316	116.32185	2008-10-23 10:02:29	611	0	000	1
40.009428	116.320888	2008-10-23 10:03:39	612	0	000	1
40.008854	116.321493	2008-10-23 10:03:44	613	0	000	1
40.008848	116.321349	2008-10-23 10:03:49	614	0	000	1
40.008874	116.32116	2008-10-23 10:03:54	615	0	000	1
40.008852	116.321109	2008-10-23 10:03:59	616	0	000	1
40.008786	116.321037	2008-10-23 10:04:04	617	0	000	1
40.008767	116.321012	2008-10-23 10:04:09	618	0	000	1
40.008735	116.320977	2008-10-23 10:04:14	619	0	000	0
40.008694	116.320964	2008-10-23 10:04:19	620	0	000	0
40.008665	116.320937	2008-10-23 10:04:24	621	0	000	0
40.008635	116.320886	2008-10-23 10:04:29	622	0	000	0
40.008612	116.32083	2008-10-23 10:04:34	623	0	000	0
40.008591	116.3208	2008-10-23 10:04:39	624	0	000	0
40.008574	116.320772	2008-10-23 10:04:44	625	0	000	0
40.008521	116.320688	2008-10-23 10:04:49	626	0	000	0
40.008471	116.320669	2008-10-23 10:04:54	627	0	000	0
40.008419	116.320654	2008-10-23 10:04:59	628	0	000	0
40.008362	116.320619	2008-10-23 10:05:04	629	0	000	0
40.008348	116.320573	2008-10-23 10:05:09	630	0	000	0
40.008309	116.320547	2008-10-23 10:05:14	631	0	000	0
40.008281	116.320543	2008-10-23 10:05:19	632	0	000	0
40.008234	116.320499	2008-10-23 10:05:24	633	0	000	0
40.008163	116.320473	2008-10-23 10:05:29	634	0	000	0
40.008129	116.320418	2008-10-23 10:05:34	635	0	000	0
40.008121	116.320359	2008-10-23 10:05:39	636	0	000	0
40.008069	116.320335	2008-10-23 10:05:44	637	0	000	0
40.008027	116.320309	2008-10-23 10:05:49	638	0	000	0
40.00801	116.320287	2008-10-23 10:05:54	639	0	000	0
40.007959	116.320241	2008-10-23 10:05:59	640	0	000	0
40.007947	116.320238	2008-10-23 10:06:04	641	0	000	0
40.007879	116.320237	2008-10-23 10:06:09	642	0	000	0
40.007826	116.320239	2008-10-23 10:06:14	643	0	000	0
40.007818	116.320239	2008-10-23 10:06:19	644	0	000	0
40.007818	116.320239	2008-10-23 10:06:22	645	0	000	0
40.007819	116.32024	2008-10-23 10:06:24	646	0	000	0
40.007817	116.32023	2008-10-23 10:06:29	647	0	000	0
40.007834	116.320181	2008-10-23 10:06:34	648	0	000	0
40.007761	116.320093	2008-10-23 10:06:39	649	0	000	0
40.007661	116.319986	2008-10-23 10:06:44	650	0	000	0
40.007623	116.319953	2008-10-23 10:06:49	651	0	000	0
40.007623	116.319953	2008-10-23 10:06:52	652	0	000	0
40.007621	116.31995	2008-10-23 10:06:54	653	0	000	0
40.007575	116.31987	2008-10-23 10:06:59	654	0	000	0
40.007551	116.319732	2008-10-23 10:07:04	655	0	000	0
40.007526	116.31965	2008-10-23 10:07:09	656	0	000	0
40.007468	116.319517	2008-10-23 10:07:14	657	0	000	0
40.007465	116.319506	2008-10-23 10:07:19	658	0	000	0
40.007462	116.319493	2008-10-23 10:07:21	659	0	000	0
40.007459	116.319436	2008-10-23 10:07:26	660	0	000	0
40.007453	116.319403	2008-10-23 10:07:31	661	0	000	0
40.007454	116.319391	2008-10-23 10:07:36	662	0	000	0
40.007474	116.319376	2008-10-23 10:07:41	663	0	000	0
40.0075	116.319364	2008-10-23 10:07:46	664	0	000	0
40.007524	116.319357	2008-10-23 10:07:51	665	0	000	0
40.007524	116.319321	2008-10-23 10:07:56	666	0	000	0
40.007517	116.319312	2008-10-23 10:08:01	667	0	000	0
40.007551	116.319307	2008-10-23 10:08:06	668	0	000	0
40.007551	116.319307	2008-10-23 10:08:09	669	0	000	0
40.007555	116.319313	2008-10-23 10:08:11	670	0	000	0
40.00759	116.31934	2008-10-23 10:08:16	671	0	000	0
40.00761	116.319355	2008-10-23 10:08:21	672	0	000	0
40.007615	116.319369	2008-10-23 10:08:26	673	0	000	0
40.007621	116.319385	2008-10-23 10:08:31	674	0	000	0
40.007644	116.319403	2008-10-23 10:08:36	675	0	000	0
40.007663	116.319417	2008-10-23 10:08:41	676	0	000	0
40.007663	116.319417	2008-10-23 10:08:44	677	0	000	0
40.007669	116.319414	2008-10-23 10:08:46	678	0	000	0
40.007661	116.319384	2008-10-23 10:08:51	679	0	000	0
40.007654	116.319321	2008-10-23 10:08:56	680	0	000	0
40.007654	116.319266	2008-10-23 10:09:01	681	0	000	0
40.00767	116.319215	2008-10-23 10:09:06	682	0	000	0
40.007694	116.319181	2008-10-23 10:09:11	683	0	000	0
40.007699	116.319151	2008-10-23 10:09:16	684	0	000	0
40.007272	116.319756	2008-10-23 10:09:26	685	0	000	0
40.007331	116.319657	2008-10-23 10:09:31	686	0	000	0
40.007428	116.319432	2008-10-23 10:09:41	687	0	000	0
40.007395	116.319354	2008-10-23 10:09:46	688	0	000	0
40.007447	116.319379	2008-10-23 10:09:51	689	0	000	0
40.007479	116.319371	2008-10-23 10:09:56	690	0	000	0
40.007516	116.319316	2008-10-23 10:10:01	691	0	000	0
40.007575	116.319238	2008-10-23 10:10:06	692	0	000	0
40.007288	116.319088	2008-10-23 10:10:31	693	0	000	0
40.007288	116.319088	2008-10-23 10:10:34	694	0	000	0
40.007284	116.319084	2008-10-23 10:10:36	695	0	000	0
40.007298	116.319036	2008-10-23 10:10:41	696	0	000	0
40.007365	116.31903	2008-10-23 10:10:46	697	0	000	0
40.007416	116.319007	2008-10-23 10:10:51	698	0	000	0
40.007482	116.318957	2008-10-23 10:10:56	699	0	000	0
40.007548	116.318852	2008-10-23 10:11:01	700	0	000	0
40.007627	116.318775	2008-10-23 10:11:06	701	0	000	0
40.007718	116.318705	2008-10-23 10:11:11	702	0	000	1
40.007808	116.318623	2008-10-23 10:11:16	703	0	000	1
40.007877	116.318546	2008-10-23 10:11:21	704	0	000	1
40.007945	116.318487	2008-10-23 10:11:26	705	0	000	1
40.00803	116.318444	2008-10-23 10:11:31	706	0	000	1
40.008125	116.318365	2008-10-23 10:11:36	707	0	000	1
40.008215	116.318248	2008-10-23 10:11:41	708	0	000	1
40.008168	116.318293	2008-10-23 10:11:46	709	0	000	1
40.008015	116.318471	2008-10-23 10:11:51	710	0	000	1
40.008049	116.318444	2008-10-23 10:11:56	711	0	000	1
40.008064	116.31838	2008-10-23 10:12:01	712	0	000	1
40.008118	116.318326	2008-10-23 10:12:06	713	0	000	1
40.008197	116.318275	2008-10-23 10:12:11	714	0	000	1
40.008289	116.318251	2008-10-23 10:12:16	715	0	000	1
40.008305	116.318267	2008-10-23 10:12:21	716	0	000	1
40.008276	116.318339	2008-10-23 10:12:26	717	0	000	1
40.008184	116.318474	2008-10-23 10:12:31	718	0	000	1
40.008071	116.318568	2008-10-23 10:12:36	719	0	000	1
40.007954	116.318639	2008-10-23 10:12:41	720	0	000	1
40.007884	116.318684	2008-10-23 10:12:46	721	0	000	1
40.007867	116.318699	2008-10-23 10:12:51	722	0	000	1
40.007835	116.318706	2008-10-23 10:12:56	723	0	000	1
40.007717	116.318842	2008-10-23 10:13:01	724	0	000	1
40.007726	116.318826	2008-10-23 10:13:06	725	0	000	1
40.007721	116.318792	2008-10-23 10:13:11	726	0	000	1
40.007753	116.318741	2008-10-23 10:13:16	727	0	000	1
40.007803	116.318672	2008-10-23 10:13:21	728	0	000	1
40.007852	116.318565	2008-10-23 10:13:26	729	0	000	1
40.007925	116.318494	2008-10-23 10:13:31	730	0	000	1
40.008019	116.318455	2008-10-23 10:13:36	731	0	000	1
40.006977	116.319607	2008-10-23 10:14:21	732	0	000	1
40.007203	116.319334	2008-10-23 10:14:26	733	0	000	1
40.00735	116.319131	2008-10-23 10:14:31	734	0	000	1
40.007504	116.318956	2008-10-23 10:14:36	735	0	000	1
40.007611	116.318793	2008-10-23 10:14:41	736	0	000	1
40.007773	116.31865	2008-10-23 10:14:46	737	0	000	1
40.007966	116.31854	2008-10-23 10:14:51	738	0	000	1
40.007399	116.31912	2008-10-23 10:15:06	739	0	000	1
40.007411	116.319124	2008-10-23 10:15:11	740	0	000	1
40.00744	116.31909	2008-10-23 10:15:16	741	0	000	1
40.007496	116.319085	2008-10-23 10:15:21	742	0	000	1
40.00754	116.31909	2008-10-23 10:15:26	743	0	000	1
40.007619	116.319094	2008-10-23 10:15:31	744	0	000	1
40.007648	116.319041	2008-10-23 10:15:36	745	0	000	1
40.007681	116.318962	2008-10-23 10:15:41	746	0	000	1
40.007724	116.318892	2008-10-23 10:15:46	747	0	000	1
40.007766	116.318825	2008-10-23 10:15:51	748	0	000	1
40.007809	116.318799	2008-10-23 10:15:56	749	0	000	1
40.007849	116.318754	2008-10-23 10:16:01	750	0	000	1
40.007905	116.31869	2008-10-23 10:16:06	751	0	000	1
40.007878	116.318784	2008-10-23 10:18:11	752	0	000	1
40.007616	116.318863	2008-10-23 10:18:16	753	0	000	1
40.007692	116.318817	2008-10-23 10:18:21	754	0	000	1
40.007794	116.318827	2008-10-23 10:18:26	755	0	000	1
40.007898	116.318829	2008-10-23 10:18:31	756	0	000	1
40.007981	116.318788	2008-10-23 10:18:36	757	0	000	1
40.008009	116.318763	2008-10-23 10:18:41	758	0	000	1
40.008031	116.318756	2008-10-23 10:18:46	759	0	000	1
40.008055	116.318753	2008-10-23 10:18:51	760	0	000	1
40.008237	116.318816	2008-10-23 10:18:56	761	0	000	1
40.008306	116.318941	2008-10-23 10:19:01	762	0	000	1
40.008283	116.318897	2008-10-23 10:19:06	763	0	000	1
40.0083	116.318936	2008-10-23 10:19:11	764	0	000	0
40.007645	116.319454	2008-10-23 10:19:16	765	0	000	0
40.007582	116.319409	2008-10-23 10:19:21	766	0	000	0
40.007581	116.319385	2008-10-23 10:19:26	767	0	000	0
40.007612	116.319403	2008-10-23 10:19:31	768	0	000	0
40.007694	116.319429	2008-10-23 10:19:36	769	0	000	0
40.007778	116.319475	2008-10-23 10:19:41	770	0	000	0
40.007876	116.319505	2008-10-23 10:19:46	771	0	000	0
40.007974	116.319529	2008-10-23 10:19:51	772	0	000	0
40.008096	116.319537	2008-10-23 10:19:56	773	0	000	0
40.008196	116.319549	2008-10-23 10:20:01	774	0	000	1
40.008292	116.319591	2008-10-23 10:20:06	775	0	000	1
40.008369	116.319618	2008-10-23 10:20:11	776	0	000	1
40.008421	116.319597	2008-10-23 10:20:16	777	0	000	1
40.008452	116.319548	2008-10-23 10:20:21	778	0	000	1
40.008503	116.319525	2008-10-23 10:20:26	779	0	000	1
40.008544	116.31949	2008-10-23 10:20:31	780	0	000	1
40.008601	116.319482	2008-10-23 10:20:36	781	0	000	1
40.008617	116.319483	2008-10-23 10:20:41	782	0	000	1
40.008617	116.319483	2008-10-23 10:20:44	783	0	000	1
40.008625	116.319489	2008-10-23 10:20:46	784	0	000	1
40.00864	116.319488	2008-10-23 10:20:56	785	0	000	1
40.008645	116.319484	2008-10-23 10:21:01	786	0	000	1
40.008645	116.319484	2008-10-23 10:21:04	787	0	000	1
40.008649	116.319481	2008-10-23 10:21:06	788	0	000	1
40.008669	116.319455	2008-10-23 10:21:16	789	0	000	1
40.006747	116.318549	2008-10-23 10:26:35	790	0	000	0
40.006747	116.318549	2008-10-23 10:26:43	791	0	000	0
40.006755	116.318544	2008-10-23 10:26:45	792	0	000	0
40.006742	116.318571	2008-10-23 10:26:50	793	0	000	0
40.006744	116.31856	2008-10-23 10:26:55	794	0	000	0
40.006745	116.318572	2008-10-23 10:27:00	795	0	000	0
40.006745	116.318581	2008-10-23 10:27:05	796	0	000	0
40.006739	116.318568	2008-10-23 10:27:10	797	0	000	0
40.006722	116.318548	2008-10-23 10:27:15	798	0	000	0
40.006719	116.318565	2008-10-23 10:27:20	799	0	000	0
40.006724	116.318625	2008-10-23 10:27:25	800	0	000	0
40.006745	116.318817	2008-10-23 10:27:30	801	0	000	0
40.006715	116.318884	2008-10-23 10:27:35	802	0	000	0
40.006721	116.318965	2008-10-23 10:27:40	803	0	000	0
40.006753	116.319072	2008-10-23 10:27:45	804	0	000	0
40.006785	116.319175	2008-10-23 10:27:50	805	0	000	0
40.00681	116.319239	2008-10-23 10:27:55	806	0	000	0
40.006849	116.319286	2008-10-23 10:28:00	807	0	000	0
40.006811	116.319309	2008-10-23 10:28:05	808	0	000	0
40.006789	116.319351	2008-10-23 10:28:10	809	0	000	0
40.006791	116.319398	2008-10-23 10:28:15	810	0	000	0
40.006828	116.319424	2008-10-23 10:28:20	811	0	000	0
40.006872	116.319419	2008-10-23 10:28:25	812	0	000	0
40.006893	116.319381	2008-10-23 10:28:30	813	0	000	0
40.006975	116.319294	2008-10-23 10:28:35	814	0	000	0
40.007457	116.319674	2008-10-23 10:28:45	815	0	000	0
40.007457	116.319674	2008-10-23 10:28:48	816	0	000	0
40.007458	116.319676	2008-10-23 10:28:50	817	0	000	0
40.007479	116.319695	2008-10-23 10:28:55	818	0	000	0
40.007572	116.319786	2008-10-23 10:29:00	819	0	000	0
40.007582	116.319816	2008-10-23 10:29:05	820	0	000	0
40.007621	116.319834	2008-10-23 10:29:10	821	0	000	0
40.007629	116.31989	2008-10-23 10:29:15	822	0	000	0
40.007634	116.319966	2008-10-23 10:29:20	823	0	000	0
40.007646	116.32005	2008-10-23 10:29:25	824	0	000	0
40.00766	116.320119	2008-10-23 10:29:30	825	0	000	0
40.007686	116.320243	2008-10-23 10:29:35	826	0	000	0
40.007748	116.320301	2008-10-23 10:29:40	827	0	000	0
40.007802	116.320389	2008-10-23 10:29:45	828	0	000	0
40.007819	116.320364	2008-10-23 10:29:50	829	0	000	0
40.007853	116.320343	2008-10-23 10:29:55	830	0	000	0
40.007912	116.320328	2008-10-23 10:30:00	831	0	000	0
40.007978	116.320325	2008-10-23 10:30:05	832	0	000	0
40.007999	116.320339	2008-10-23 10:30:10	833	0	000	0
40.008036	116.320394	2008-10-23 10:30:15	834	0	000	0
40.008125	116.320486	2008-10-23 10:30:20	835	0	000	0
40.008172	116.320571	2008-10-23 10:30:25	836	0	000	0
40.008182	116.320646	2008-10-23 10:30:30	837	0	000	0
40.008226	116.320738	2008-10-23 10:30:35	838	0	000	0
40.008236	116.32081	2008-10-23 10:30:40	839	0	000	0
40.008306	116.320851	2008-10-23 10:30:45	840	0	000	0
40.008373	116.320857	2008-10-23 10:30:50	841	0	000	0
40.008418	116.320872	2008-10-23 10:30:55	842	0	000	0
40.00846	116.320864	2008-10-23 10:31:00	843	0	000	0
40.008507	116.320918	2008-10-23 10:31:05	844	0	000	0
40.008535	116.320997	2008-10-23 10:31:10	845	0	000	0
40.008565	116.321079	2008-10-23 10:31:15	846	0	000	0
40.008619	116.321168	2008-10-23 10:31:20	847	0	000	0
40.008663	116.321249	2008-10-23 10:31:25	848	0	000	0
40.008684	116.321297	2008-10-23 10:31:30	849	0	000	0
40.008724	116.321395	2008-10-23 10:31:35	850	0	000	0
40.008776	116.321462	2008-10-23 10:31:40	851	0	000	0
40.008804	116.321504	2008-10-23 10:31:45	852	0	000	0
40.008839	116.321516	2008-10-23 10:31:50	853	0	000	0
40.008879	116.321555	2008-10-23 10:31:55	854	0	000	0
40.008891	116.321571	2008-10-23 10:32:00	855	0	000	0
40.008873	116.321615	2008-10-23 10:32:05	856	0	000	0
40.008858	116.321677	2008-10-23 10:32:10	857	0	000	1
40.008864	116.321766	2008-10-23 10:32:15	858	0	000	1
40.00887	116.321858	2008-10-23 10:32:20	859	0	000	1
40.008864	116.321933	2008-10-23 10:32:25	860	0	000	1
40.008862	116.322009	2008-10-23 10:32:30	861	0	000	1
40.008855	116.322087	2008-10-23 10:32:35	862	0	000	1
40.008873	116.322144	2008-10-23 10:32:40	863	0	000	1
40.008874	116.322234	2008-10-23 10:32:45	864	0	000	1
40.008869	116.322306	2008-10-23 10:32:50	865	0	000	1
40.008835	116.322331	2008-10-23 10:32:55	866	0	000	1
40.008814	116.322311	2008-10-23 10:33:00	867	0	000	1
40.008813	116.3223	2008-10-23 10:33:05	868	0	000	1
40.008813	116.3223	2008-10-23 10:33:08	869	0	000	1
40.008821	116.322297	2008-10-23 10:33:10	870	0	000	1
40.008833	116.322297	2008-10-23 10:33:15	871	0	000	1
40.008842	116.322298	2008-10-23 10:33:20	872	0	000	1
40.008761	116.323722	2008-10-23 10:44:31	873	0	000	0
40.008765	116.32369	2008-10-23 10:44:36	874	0	000	0
40.00865	116.323112	2008-10-23 10:44:41	875	0	000	0
40.008786	116.322741	2008-10-23 10:44:46	876	0	000	0
40.008889	116.322551	2008-10-23 10:44:51	877	0	000	0
40.008962	116.322462	2008-10-23 10:44:56	878	0	000	0
40.008988	116.322356	2008-10-23 10:45:01	879	0	000	0
40.009068	116.322259	2008-10-23 10:45:06	880	0	000	0
40.009107	116.322177	2008-10-23 10:45:11	881	0	000	1
40.009086	116.322088	2008-10-23 10:45:16	882	0	000	1
40.008929	116.321992	2008-10-23 10:45:21	883	0	000	1
40.008849	116.32191	2008-10-23 10:45:26	884	0	000	1
40.008799	116.32185	2008-10-23 10:45:31	885	0	000	1
40.008827	116.321784	2008-10-23 10:45:36	886	0	000	1
40.008862	116.321736	2008-10-23 10:45:41	887	0	000	1
40.008898	116.321695	2008-10-23 10:45:46	888	0	000	1
40.008901	116.321684	2008-10-23 10:45:51	889	0	000	1
40.008905	116.321683	2008-10-23 10:45:56	890	0	000	1
40.008905	116.321683	2008-10-23 10:45:59	891	0	000	1
40.008905	116.321682	2008-10-23 10:46:01	892	0	000	1
40.008934	116.321623	2008-10-23 10:46:06	893	0	000	1
40.008945	116.321551	2008-10-23 10:46:11	894	0	000	1
40.008851	116.321485	2008-10-23 11:08:22	895	0	000	1
40.008607	116.321862	2008-10-23 11:09:22	896	0	000	0
40.008652	116.322251	2008-10-23 11:09:27	897	0	000	0
40.008897	116.321603	2008-10-23 11:10:27	898	0	000	0
40.008928	116.32161	2008-10-23 11:10:32	899	0	000	0
40.009013	116.321431	2008-10-23 11:10:37	900	0	000	0
40.009027	116.321399	2008-10-23 11:10:42	901	0	000	0
40.009064	116.321326	2008-10-23 11:10:47	902	0	000	0
40.009172	116.321211	2008-10-23 11:10:52	903	0	000	0
40.009204	116.32113	2008-10-23 11:10:57	904	0	000	0
40.009243	116.32105	2008-10-23 11:11:02	905	0	000	0
40.009269	116.320978	2008-10-23 11:11:07	906	0	000	0
40.009328	116.320887	2008-10-23 11:11:12	907	0	000	0
40.008304	116.319876	2008-10-24 02:09:59	908	1	000	0
40.008413	116.319962	2008-10-24 02:10:04	909	1	000	0
40.007171	116.319458	2008-10-24 02:10:09	910	1	000	0
40.007209	116.319484	2008-10-24 02:10:14	911	1	000	0
40.007287	116.31959	2008-10-24 02:10:19	912	1	000	0
40.007366	116.319727	2008-10-24 02:10:24	913	1	000	0
40.007429	116.319873	2008-10-24 02:10:29	914	1	000	0
40.007499	116.320013	2008-10-24 02:10:34	915	1	000	0
40.007514	116.320165	2008-10-24 02:10:39	916	1	000	0
40.007578	116.320176	2008-10-24 02:10:44	917	1	000	0
40.007694	116.320214	2008-10-24 02:10:49	918	1	000	0
40.007739	116.320357	2008-10-24 02:10:54	919	1	000	0
40.007834	116.320544	2008-10-24 02:10:59	920	1	000	0
40.007907	116.320708	2008-10-24 02:11:04	921	1	000	0
40.007941	116.320861	2008-10-24 02:11:09	922	1	000	0
40.007989	116.320989	2008-10-24 02:11:14	923	1	000	0
40.008131	116.321041	2008-10-24 02:11:19	924	1	000	0
40.008316	116.321118	2008-10-24 02:11:24	925	1	000	0
40.008486	116.321152	2008-10-24 02:11:29	926	1	000	0
40.00861	116.321191	2008-10-24 02:11:34	927	1	000	0
40.008716	116.321251	2008-10-24 02:11:39	928	1	000	0
40.008816	116.321301	2008-10-24 02:11:44	929	1	000	0
40.008875	116.321349	2008-10-24 02:11:49	930	1	000	1
40.008912	116.321366	2008-10-24 02:11:54	931	1	000	1
40.008912	116.321366	2008-10-24 02:11:57	932	1	000	1
40.008915	116.321366	2008-10-24 02:11:59	933	1	000	1
40.008921	116.321375	2008-10-24 02:12:04	934	1	000	1
40.008931	116.321385	2008-10-24 02:12:09	935	1	000	1
40.00894	116.321394	2008-10-24 02:12:14	936	1	000	1
40.008948	116.321401	2008-10-24 02:12:19	937	1	000	1
40.008951	116.321405	2008-10-24 02:12:24	938	1	000	1
40.008951	116.321405	2008-10-24 02:12:27	939	1	000	1
40.008951	116.321408	2008-10-24 02:12:29	940	1	000	1
40.008946	116.321438	2008-10-24 02:12:34	941	1	000	1
40.008954	116.321506	2008-10-24 02:12:39	942	1	000	1
40.008943	116.321554	2008-10-24 02:12:44	943	1	000	1
40.008924	116.32159	2008-10-24 02:12:49	944	1	000	1
40.008968	116.321514	2008-10-24 02:12:54	945	1	000	1
40.008999	116.321465	2008-10-24 02:12:59	946	1	000	1
40.009019	116.321433	2008-10-24 02:13:04	947	1	000	1
40.009052	116.321394	2008-10-24 02:13:09	948	1	000	1
40.009085	116.321351	2008-10-24 02:13:14	949	1	000	1
40.009086	116.321348	2008-10-24 02:13:19	950	1	000	1
40.009086	116.321346	2008-10-24 02:13:24	951	1	000	1
40.009089	116.321346	2008-10-24 02:13:29	952	1	000	1
40.009089	116.321345	2008-10-24 02:13:34	953	1	000	1
40.009089	116.321346	2008-10-24 02:13:39	954	1	000	1
40.009088	116.321346	2008-10-24 02:13:44	955	1	000	1
40.009087	116.321347	2008-10-24 02:13:49	956	1	000	1
40.009088	116.321346	2008-10-24 02:13:54	957	1	000	1
40.009089	116.321344	2008-10-24 02:13:59	958	1	000	1
40.00909	116.321341	2008-10-24 02:14:04	959	1	000	1
40.009088	116.321344	2008-10-24 02:14:09	960	1	000	1
40.009086	116.321346	2008-10-24 02:14:14	961	1	000	1
40.009084	116.321349	2008-10-24 02:14:19	962	1	000	1
40.009084	116.321349	2008-10-24 02:14:22	963	1	000	1
40.009077	116.321356	2008-10-24 02:14:24	964	1	000	1
40.009055	116.321386	2008-10-24 02:14:29	965	1	000	1
40.009001	116.32146	2008-10-24 02:14:34	966	1	000	1
40.008971	116.321519	2008-10-24 02:14:39	967	1	000	1
40.008923	116.321581	2008-10-24 02:14:44	968	1	000	1
40.008859	116.321706	2008-10-24 02:14:49	969	1	000	1
40.008809	116.321794	2008-10-24 02:14:54	970	1	000	1
40.008779	116.321862	2008-10-24 02:14:59	971	1	000	1
40.008755	116.321897	2008-10-24 02:15:04	972	1	000	1
40.008755	116.321917	2008-10-24 02:15:09	973	1	000	1
40.008739	116.321948	2008-10-24 02:15:14	974	1	000	1
40.008727	116.321975	2008-10-24 02:15:19	975	1	000	1
40.008708	116.321995	2008-10-24 02:15:24	976	1	000	1
40.0087	116.322015	2008-10-24 02:15:29	977	1	000	1
40.008951	116.322054	2008-10-24 02:21:54	978	1	000	1
40.008965	116.322109	2008-10-24 02:21:59	979	1	000	1
40.009025	116.322134	2008-10-24 02:22:04	980	1	000	1
40.009199	116.322217	2008-10-24 02:22:09	981	1	000	1
40.009279	116.322252	2008-10-24 02:22:14	982	1	000	1
40.009314	116.322339	2008-10-24 02:22:19	983	1	000	1
40.0093	116.322406	2008-10-24 02:22:24	984	1	000	1
40.009231	116.322459	2008-10-24 02:22:29	985	1	000	1
40.009094	116.322483	2008-10-24 02:22:34	986	1	000	1
40.008968	116.322437	2008-10-24 02:22:39	987	1	000	1
40.008905	116.322394	2008-10-24 02:22:44	988	1	000	1
40.008845	116.322382	2008-10-24 02:22:49	989	1	000	1
40.008764	116.322373	2008-10-24 02:22:54	990	1	000	1
40.008735	116.322402	2008-10-24 02:22:59	991	1	000	1
40.008735	116.322402	2008-10-24 02:23:02	992	1	000	1
40.008727	116.3224	2008-10-24 02:23:04	993	1	000	1
40.008697	116.322429	2008-10-24 02:23:09	994	1	000	1
40.008694	116.322431	2008-10-24 02:23:14	995	1	000	1
40.008694	116.322432	2008-10-24 02:23:19	996	1	000	1
40.008697	116.322433	2008-10-24 02:23:24	997	1	000	1
40.008697	116.322433	2008-10-24 02:23:27	998	1	000	1
40.008695	116.322432	2008-10-24 02:23:29	999	1	000	1
40.008685	116.322427	2008-10-24 02:23:34	1000	1	000	1
40.008649	116.322456	2008-10-24 02:23:39	1001	1	000	1
40.008633	116.322464	2008-10-24 02:23:44	1002	1	000	1
40.008633	116.322464	2008-10-24 02:23:47	1003	1	000	1
40.008634	116.322467	2008-10-24 02:23:49	1004	1	000	1
40.008644	116.322469	2008-10-24 02:23:54	1005	1	000	1
40.008643	116.322468	2008-10-24 02:23:59	1006	1	000	1
40.008644	116.322467	2008-10-24 02:24:04	1007	1	000	1
40.008644	116.322467	2008-10-24 02:24:07	1008	1	000	1
40.008644	116.322467	2008-10-24 02:24:09	1009	1	000	1
40.00865	116.322455	2008-10-24 02:24:14	1010	1	000	1
40.008678	116.322475	2008-10-24 02:24:19	1011	1	000	1
40.008707	116.322496	2008-10-24 02:24:24	1012	1	000	1
40.008734	116.322494	2008-10-24 02:24:29	1013	1	000	1
40.008742	116.32246	2008-10-24 02:24:34	1014	1	000	1
40.008729	116.322438	2008-10-24 02:24:39	1015	1	000	1
40.008726	116.322436	2008-10-24 02:24:44	1016	1	000	1
40.008726	116.322436	2008-10-24 02:24:47	1017	1	000	1
40.00872	116.322439	2008-10-24 02:24:49	1018	1	000	1
40.008703	116.322436	2008-10-24 02:24:54	1019	1	000	1
40.008686	116.322443	2008-10-24 02:24:59	1020	1	000	1
40.008679	116.322454	2008-10-24 02:25:04	1021	1	000	1
40.008679	116.322466	2008-10-24 02:25:09	1022	1	000	1
40.008679	116.322476	2008-10-24 02:25:14	1023	1	000	1
40.008676	116.322481	2008-10-24 02:25:19	1024	1	000	1
40.008676	116.322481	2008-10-24 02:25:22	1025	1	000	1
40.008671	116.322488	2008-10-24 02:25:24	1026	1	000	1
40.008665	116.322499	2008-10-24 02:25:29	1027	1	000	1
40.008673	116.322483	2008-10-24 02:25:34	1028	1	000	1
40.008693	116.322461	2008-10-24 02:25:39	1029	1	000	1
40.008725	116.322421	2008-10-24 02:25:44	1030	1	000	1
40.008725	116.322421	2008-10-24 02:25:47	1031	1	000	1
40.008732	116.322419	2008-10-24 02:25:49	1032	1	000	1
40.008736	116.322397	2008-10-24 02:25:54	1033	1	000	1
40.008723	116.322384	2008-10-24 02:25:59	1034	1	000	1
40.008718	116.322383	2008-10-24 02:26:04	1035	1	000	1
40.008718	116.322383	2008-10-24 02:26:09	1036	1	000	1
40.008719	116.322384	2008-10-24 02:26:14	1037	1	000	1
40.008714	116.322383	2008-10-24 02:26:19	1038	1	000	1
40.008712	116.322382	2008-10-24 02:26:24	1039	1	000	1
40.008711	116.322382	2008-10-24 02:26:29	1040	1	000	1
40.008711	116.322382	2008-10-24 02:26:32	1041	1	000	1
40.008714	116.322384	2008-10-24 02:26:34	1042	1	000	1
40.008715	116.322396	2008-10-24 02:26:39	1043	1	000	1
40.00871	116.3224	2008-10-24 02:26:44	1044	1	000	1
40.00871	116.3224	2008-10-24 02:26:47	1045	1	000	1
40.008712	116.322402	2008-10-24 02:26:49	1046	1	000	1
40.008722	116.322417	2008-10-24 02:26:54	1047	1	000	1
40.008723	116.32242	2008-10-24 02:26:59	1048	1	000	1
40.00873	116.322421	2008-10-24 02:27:04	1049	1	000	1
40.00873	116.322421	2008-10-24 02:27:07	1050	1	000	1
40.008735	116.322416	2008-10-24 02:27:09	1051	1	000	1
40.008749	116.322429	2008-10-24 02:27:14	1052	1	000	1
40.008757	116.322453	2008-10-24 02:27:19	1053	1	000	1
40.008791	116.322437	2008-10-24 02:27:24	1054	1	000	1
40.0088	116.322416	2008-10-24 02:27:29	1055	1	000	1
40.008807	116.322382	2008-10-24 02:27:34	1056	1	000	1
40.008813	116.322378	2008-10-24 02:27:39	1057	1	000	1
40.008807	116.322376	2008-10-24 02:27:44	1058	1	000	1
40.008804	116.322379	2008-10-24 02:27:49	1059	1	000	1
40.008801	116.322381	2008-10-24 02:27:54	1060	1	000	1
40.0088	116.322383	2008-10-24 02:27:59	1061	1	000	1
40.0088	116.322383	2008-10-24 02:28:02	1062	1	000	1
40.008805	116.322388	2008-10-24 02:28:04	1063	1	000	1
40.008806	116.322412	2008-10-24 02:28:09	1064	1	000	1
40.008809	116.322414	2008-10-24 02:28:14	1065	1	000	1
40.008803	116.322408	2008-10-24 02:28:19	1066	1	000	1
40.008803	116.322408	2008-10-24 02:28:22	1067	1	000	1
40.008802	116.322402	2008-10-24 02:28:24	1068	1	000	1
40.008772	116.322417	2008-10-24 02:28:29	1069	1	000	1
40.008773	116.322411	2008-10-24 02:28:31	1070	1	000	1
40.008763	116.322406	2008-10-24 02:28:36	1071	1	000	1
40.008763	116.322406	2008-10-24 02:28:39	1072	1	000	1
40.008764	116.322414	2008-10-24 02:28:41	1073	1	000	1
40.008768	116.322393	2008-10-24 02:28:46	1074	1	000	1
40.008765	116.32239	2008-10-24 02:28:51	1075	1	000	1
40.008765	116.32239	2008-10-24 02:28:54	1076	1	000	1
40.008768	116.32239	2008-10-24 02:28:56	1077	1	000	1
40.008742	116.322304	2008-10-24 02:29:01	1078	1	000	1
40.008722	116.322292	2008-10-24 02:29:06	1079	1	000	1
40.008715	116.322265	2008-10-24 02:29:11	1080	1	000	1
40.008702	116.322221	2008-10-24 02:29:16	1081	1	000	1
40.008692	116.322194	2008-10-24 02:29:21	1082	1	000	1
40.008671	116.322162	2008-10-24 02:29:26	1083	1	000	1
40.008963	116.322994	2008-10-24 02:41:31	1084	1	000	1
40.008716	116.322254	2008-10-24 02:41:36	1085	1	000	1
40.008829	116.322251	2008-10-24 02:41:41	1086	1	000	1
40.008745	116.322172	2008-10-24 02:41:46	1087	1	000	1
40.00871	116.322158	2008-10-24 02:41:51	1088	1	000	1
40.008768	116.322217	2008-10-24 02:41:56	1089	1	000	1
40.008795	116.322319	2008-10-24 02:42:01	1090	1	000	1
40.008818	116.322352	2008-10-24 02:42:06	1091	1	000	1
40.008851	116.322365	2008-10-24 02:42:11	1092	1	000	1
40.008821	116.322432	2008-10-24 02:42:16	1093	1	000	1
40.008907	116.322517	2008-10-24 02:42:21	1094	1	000	1
40.008927	116.322489	2008-10-24 02:42:26	1095	1	000	1
40.00892	116.322484	2008-10-24 02:42:31	1096	1	000	1
40.008919	116.322484	2008-10-24 02:42:36	1097	1	000	1
40.008919	116.322484	2008-10-24 02:42:39	1098	1	000	1
40.008927	116.322487	2008-10-24 02:42:41	1099	1	000	1
40.008946	116.322495	2008-10-24 02:42:46	1100	1	000	1
40.008953	116.3225	2008-10-24 02:42:51	1101	1	000	1
40.008947	116.322496	2008-10-24 02:42:56	1102	1	000	1
40.008942	116.322495	2008-10-24 02:43:01	1103	1	000	1
40.008943	116.322494	2008-10-24 02:43:06	1104	1	000	1
40.008946	116.322494	2008-10-24 02:43:11	1105	1	000	1
40.008951	116.322494	2008-10-24 02:43:16	1106	1	000	1
40.008956	116.322493	2008-10-24 02:43:21	1107	1	000	1
40.00896	116.322492	2008-10-24 02:43:26	1108	1	000	1
40.008963	116.322493	2008-10-24 02:43:31	1109	1	000	1
40.008964	116.322494	2008-10-24 02:43:36	1110	1	000	1
40.008967	116.322494	2008-10-24 02:43:41	1111	1	000	1
40.008972	116.322495	2008-10-24 02:43:46	1112	1	000	1
40.008977	116.322496	2008-10-24 02:43:51	1113	1	000	1
40.008981	116.322497	2008-10-24 02:43:56	1114	1	000	1
40.008982	116.322492	2008-10-24 02:44:01	1115	1	000	1
40.008987	116.322488	2008-10-24 02:44:06	1116	1	000	1
40.008993	116.322486	2008-10-24 02:44:11	1117	1	000	1
40.008998	116.322484	2008-10-24 02:44:16	1118	1	000	1
40.009001	116.32249	2008-10-24 02:44:21	1119	1	000	1
40.009001	116.32249	2008-10-24 02:44:24	1120	1	000	1
40.009005	116.32249	2008-10-24 02:44:26	1121	1	000	1
40.009001	116.322503	2008-10-24 02:44:31	1122	1	000	1
40.009001	116.322503	2008-10-24 02:44:34	1123	1	000	1
40.009007	116.322505	2008-10-24 02:44:36	1124	1	000	1
40.009053	116.322478	2008-10-24 02:44:41	1125	1	000	1
40.009112	116.322452	2008-10-24 02:44:46	1126	1	000	1
40.009211	116.322405	2008-10-24 02:44:51	1127	1	000	1
40.009311	116.322358	2008-10-24 02:44:56	1128	1	000	1
40.009415	116.322349	2008-10-24 02:45:01	1129	1	000	1
40.009464	116.322313	2008-10-24 02:45:06	1130	1	000	1
40.009424	116.322241	2008-10-24 02:45:11	1131	1	000	1
40.009403	116.322183	2008-10-24 02:45:16	1132	1	000	1
40.009329	116.322155	2008-10-24 02:45:21	1133	1	000	1
40.009298	116.322086	2008-10-24 02:45:26	1134	1	000	1
40.009256	116.322052	2008-10-24 02:45:31	1135	1	000	1
40.009191	116.322007	2008-10-24 02:45:36	1136	1	000	1
40.009162	116.32196	2008-10-24 02:45:41	1137	1	000	1
40.009167	116.321946	2008-10-24 02:45:46	1138	1	000	1
40.009144	116.321887	2008-10-24 02:45:51	1139	1	000	1
40.009108	116.321798	2008-10-24 02:45:56	1140	1	000	1
40.009038	116.321719	2008-10-24 02:46:01	1141	1	000	1
40.00893	116.321666	2008-10-24 02:46:06	1142	1	000	1
40.008848	116.321644	2008-10-24 02:46:11	1143	1	000	1
40.008809	116.321615	2008-10-24 02:46:16	1144	1	000	1
40.008773	116.321572	2008-10-24 02:46:21	1145	1	000	1
40.008725	116.321582	2008-10-24 02:46:26	1146	1	000	1
40.00871	116.321586	2008-10-24 02:46:31	1147	1	000	1
40.009134	116.321215	2008-10-24 02:46:51	1148	1	000	0
40.009199	116.321111	2008-10-24 02:46:56	1149	1	000	0
40.009215	116.321158	2008-10-24 02:47:01	1150	1	000	0
40.009209	116.321162	2008-10-24 02:47:06	1151	1	000	0
