40.008304	116.319876	0
40.008413	116.319962	0
40.007171	116.319458	0
40.007209	116.319484	0
40.007287	116.31959	0
40.007366	116.319727	0
40.007429	116.319873	0
40.007499	116.320013	0
40.007514	116.320165	0
40.007578	116.320176	0
40.007694	116.320214	0
40.007739	116.320357	0
40.007834	116.320544	0
40.007907	116.320708	0
40.007941	116.320861	0
40.007989	116.320989	0
40.008131	116.321041	0
40.008316	116.321118	1
40.008486	116.321152	1
40.00861	116.321191	1
40.008716	116.321251	1
40.008816	116.321301	1
40.008875	116.321349	1
40.008912	116.321366	1
40.008912	116.321366	1
40.008915	116.321366	1
40.008921	116.321375	1
40.008931	116.321385	1
40.00894	116.321394	1
40.008948	116.321401	1
40.008951	116.321405	1
40.008951	116.321405	1
40.008951	116.321408	1
40.008946	116.321438	1
40.008954	116.321506	1
40.008943	116.321554	1
40.008924	116.32159	1
40.008968	116.321514	1
40.008999	116.321465	1
40.009019	116.321433	1
40.009052	116.321394	1
40.009085	116.321351	1
40.009086	116.321348	1
40.009086	116.321346	1
40.009089	116.321346	1
40.009089	116.321345	1
40.009089	116.321346	1
40.009088	116.321346	1
40.009087	116.321347	1
40.009088	116.321346	1
40.009089	116.321344	1
40.00909	116.321341	1
40.009088	116.321344	1
40.009086	116.321346	1
40.009084	116.321349	1
40.009084	116.321349	1
40.009077	116.321356	1
40.009055	116.321386	1
40.009001	116.32146	1
40.008971	116.321519	1
40.008923	116.321581	1
40.008859	116.321706	1
40.008809	116.321794	1
40.008779	116.321862	1
40.008755	116.321897	1
40.008755	116.321917	1
40.008739	116.321948	1
40.008727	116.321975	1
40.008708	116.321995	1
40.0087	116.322015	1
40.008951	116.322054	1
40.008965	116.322109	1
40.009025	116.322134	1
40.009199	116.322217	1
40.009279	116.322252	1
40.009314	116.322339	1
40.0093	116.322406	1
40.009231	116.322459	1
40.009094	116.322483	1
40.008968	116.322437	1
40.008905	116.322394	1
40.008845	116.322382	1
40.008764	116.322373	1
40.008735	116.322402	1
40.008735	116.322402	1
40.008727	116.3224	1
40.008697	116.322429	1
40.008694	116.322431	1
40.008694	116.322432	1
40.008697	116.322433	1
40.008697	116.322433	1
40.008695	116.322432	1
40.008685	116.322427	1
40.008649	116.322456	1
40.008633	116.322464	1
40.008633	116.322464	1
40.008634	116.322467	1
40.008644	116.322469	1
40.008643	116.322468	1
40.008644	116.322467	1
40.008644	116.322467	1
40.008644	116.322467	1
40.00865	116.322455	1
40.008678	116.322475	1
40.008707	116.322496	1
40.008734	116.322494	1
40.008742	116.32246	1
40.008729	116.322438	1
40.008726	116.322436	1
40.008726	116.322436	1
40.00872	116.322439	1
40.008703	116.322436	1
40.008686	116.322443	1
40.008679	116.322454	1
40.008679	116.322466	1
40.008679	116.322476	1
40.008676	116.322481	1
40.008676	116.322481	1
40.008671	116.322488	1
40.008665	116.322499	1
40.008673	116.322483	1
40.008693	116.322461	1
40.008725	116.322421	1
40.008725	116.322421	1
40.008732	116.322419	1
40.008736	116.322397	1
40.008723	116.322384	1
40.008718	116.322383	1
40.008718	116.322383	1
40.008719	116.322384	1
40.008714	116.322383	1
40.008712	116.322382	1
40.008711	116.322382	1
40.008711	116.322382	1
40.008714	116.322384	1
40.008715	116.322396	1
40.00871	116.3224	1
40.00871	116.3224	1
40.008712	116.322402	1
40.008722	116.322417	1
40.008723	116.32242	1
40.00873	116.322421	1
40.00873	116.322421	1
40.008735	116.322416	1
40.008749	116.322429	1
40.008757	116.322453	1
40.008791	116.322437	1
40.0088	116.322416	1
40.008807	116.322382	1
40.008813	116.322378	1
40.008807	116.322376	1
40.008804	116.322379	1
40.008801	116.322381	1
40.0088	116.322383	1
40.0088	116.322383	1
40.008805	116.322388	1
40.008806	116.322412	1
40.008809	116.322414	1
40.008803	116.322408	1
40.008803	116.322408	1
40.008802	116.322402	1
40.008772	116.322417	1
40.008773	116.322411	1
40.008763	116.322406	1
40.008763	116.322406	1
40.008764	116.322414	1
40.008768	116.322393	1
40.008765	116.32239	1
40.008765	116.32239	1
40.008768	116.32239	1
40.008742	116.322304	1
40.008722	116.322292	1
40.008715	116.322265	1
40.008702	116.322221	1
40.008692	116.322194	1
40.008671	116.322162	1
40.008963	116.322994	1
40.008716	116.322254	1
40.008829	116.322251	1
40.008745	116.322172	1
40.00871	116.322158	1
40.008768	116.322217	1
40.008795	116.322319	1
40.008818	116.322352	1
40.008851	116.322365	1
40.008821	116.322432	1
40.008907	116.322517	1
40.008927	116.322489	1
40.00892	116.322484	1
40.008919	116.322484	1
40.008919	116.322484	1
40.008927	116.322487	1
40.008946	116.322495	1
40.008953	116.3225	1
40.008947	116.322496	1
40.008942	116.322495	1
40.008943	116.322494	1
40.008946	116.322494	1
40.008951	116.322494	1
40.008956	116.322493	1
40.00896	116.322492	1
40.008963	116.322493	1
40.008964	116.322494	1
40.008967	116.322494	1
40.008972	116.322495	1
40.008977	116.322496	1
40.008981	116.322497	1
40.008982	116.322492	1
40.008987	116.322488	1
40.008993	116.322486	1
40.008998	116.322484	1
40.009001	116.32249	1
40.009001	116.32249	1
40.009005	116.32249	1
40.009001	116.322503	1
40.009001	116.322503	1
40.009007	116.322505	1
40.009053	116.322478	1
40.009112	116.322452	1
40.009211	116.322405	1
40.009311	116.322358	1
40.009415	116.322349	1
40.009464	116.322313	1
40.009424	116.322241	1
40.009403	116.322183	1
40.009329	116.322155	1
40.009298	116.322086	1
40.009256	116.322052	1
40.009191	116.322007	1
40.009162	116.32196	1
40.009167	116.321946	1
40.009144	116.321887	1
40.009108	116.321798	1
40.009038	116.321719	1
40.00893	116.321666	1
40.008848	116.321644	1
40.008809	116.321615	1
40.008773	116.321572	1
40.008725	116.321582	1
40.00871	116.321586	1
40.009134	116.321215	1
40.009199	116.321111	1
40.009215	116.321158	1
40.009209	116.321162	1
