39.984702	116.318417	0
39.984683	116.31845	0
39.984686	116.318417	0
39.984688	116.318385	0
39.984655	116.318263	0
39.984611	116.318026	0
39.984608	116.317761	0
39.984563	116.317517	0
39.984539	116.317294	0
39.984606	116.317065	0
39.984568	116.316911	0
39.984586	116.316716	0
39.984561	116.316527	0
39.984536	116.316354	0
39.984523	116.316188	0
39.984516	116.315963	0
39.984523	116.315823	0
39.984574	116.315611	0
39.984568	116.315407	0
39.984538	116.315148	0
39.984501	116.314907	0
39.984532	116.314808	0
39.984504	116.314625	0
39.984485	116.314426	0
39.984427	116.31424	0
39.984485	116.314042	0
39.98448	116.313818	0
39.984501	116.313659	0
39.984618	116.314323	0
39.984649	116.314107	0
39.984621	116.313941	0
39.984655	116.313724	0
39.984681	116.313521	0
39.984708	116.313311	0
39.984708	116.313099	0
39.984696	116.312921	0
39.984677	116.312746	0
39.984682	116.312525	0
39.984649	116.312332	0
39.984641	116.312123	0
39.984647	116.311917	0
39.984654	116.31172	0
39.984631	116.311569	0
39.984647	116.31138	0
39.984653	116.311189	0
39.984628	116.311026	0
39.984652	116.310854	0
39.984656	116.31066	0
39.984616	116.310534	0
39.984676	116.31033	0
39.984698	116.310063	0
39.984696	116.309937	0
39.984663	116.309851	0
39.984598	116.309749	0
39.98454	116.309656	0
39.984525	116.309503	0
39.984498	116.309348	0
39.984481	116.309173	0
39.984489	116.308993	0
39.98447	116.308827	0
39.98449	116.308638	0
39.98449	116.308485	0
39.984494	116.308351	0
39.984499	116.308201	0
39.984484	116.308049	0
39.984491	116.307902	0
39.984499	116.307809	0
39.984472	116.307687	0
39.984493	116.307548	0
39.984488	116.307434	0
39.984427	116.307292	0
39.984428	116.307126	0
39.984432	116.306943	0
39.984425	116.306801	0
39.984438	116.306633	0
39.984462	116.306486	0
39.984466	116.3063	0
39.984456	116.306047	0
39.984454	116.305854	0
39.984412	116.305682	0
39.98441	116.305466	0
39.984406	116.305281	0
39.984393	116.305023	0
39.984356	116.304909	0
39.984352	116.304704	0
39.984338	116.304543	0
39.984338	116.304315	0
39.984349	116.304083	0
39.984368	116.303934	0
39.984437	116.303813	0
39.984429	116.303672	0
39.984342	116.303444	0
39.984365	116.303298	0
39.984368	116.303132	0
39.984385	116.30292	0
39.98438	116.302754	0
39.984346	116.302601	0
39.984303	116.302457	0
39.984344	116.302271	0
39.984341	116.302094	0
39.984359	116.301888	0
39.984379	116.301693	0
39.984345	116.3015	0
39.984345	116.301309	0
39.984338	116.301107	0
39.984344	116.300877	0
39.984278	116.300674	0
39.984276	116.300462	0
39.984278	116.300307	0
39.984252	116.300156	0
39.984288	116.299943	0
39.984283	116.29981	0
39.984335	116.299744	0
39.984312	116.299703	0
39.984177	116.299699	0
39.98414	116.299697	0
39.984204	116.299721	0
39.984258	116.299736	0
39.984031	116.299573	0
39.98379	116.299578	0
39.983726	116.299566	0
39.983692	116.299496	0
39.983685	116.299476	0
39.983639	116.299425	0
39.983629	116.299353	0
39.983641	116.299279	0
39.983557	116.299235	0
39.983509	116.299238	0
39.983413	116.299267	0
39.983353	116.299305	0
39.983337	116.299321	0
39.9833	116.299314	0
39.9833	116.299314	0
39.983304	116.299307	0
39.983279	116.299311	0
39.983302	116.299302	0
39.983276	116.299265	0
39.983322	116.299191	0
39.983403	116.299147	0
39.983548	116.299083	0
39.983675	116.299031	0
39.983663	116.298932	0
39.983533	116.298903	0
39.98359	116.298869	0
39.983723	116.298825	0
39.983902	116.298773	0
39.984045	116.298725	0
39.984019	116.298663	0
39.995777	116.286798	0
39.996832	116.285446	0
39.984397	116.299292	0
39.984426	116.299329	0
39.984499	116.299413	0
39.984424	116.299467	0
39.98441	116.299477	0
39.984421	116.299569	0
39.984518	116.29953	0
39.984488	116.299645	0
39.98454	116.299523	0
39.98446	116.299528	0
39.984463	116.299508	0
39.984501	116.299473	0
39.984532	116.299451	0
39.984532	116.299451	0
39.984527	116.299451	0
39.984517	116.299447	0
39.984509	116.299438	0
39.984497	116.299411	0
39.984499	116.299405	0
39.984498	116.299407	0
39.984498	116.299407	0
39.984493	116.299412	0
39.984498	116.299466	0
39.984546	116.29941	0
39.984638	116.299318	0
39.98473	116.299315	0
39.984753	116.299305	0
39.984789	116.299297	0
39.984795	116.299391	0
39.984778	116.299504	0
39.984743	116.299617	0
39.984671	116.299625	0
39.984694	116.299536	0
39.984733	116.29952	0
39.983841	116.299902	0
39.983861	116.300177	0
39.983842	116.300329	0
39.983984	116.300308	0
39.984126	116.300188	0
39.984246	116.300058	0
39.984373	116.300019	0
39.984533	116.300043	0
39.984723	116.300058	0
39.984789	116.300151	0
39.984837	116.300216	0
39.984859	116.300332	0
39.984888	116.300514	0
39.984896	116.300689	0
39.984905	116.300885	0
39.984911	116.301049	0
39.984925	116.301221	0
39.98493	116.301391	0
39.984938	116.301568	0
39.984948	116.301741	0
39.984945	116.301915	0
39.984953	116.302055	0
39.984953	116.302264	0
39.98496	116.302488	0
39.984973	116.302679	0
39.984983	116.30286	0
39.985009	116.303037	0
39.985043	116.303258	0
39.98503	116.303496	0
39.985039	116.303685	0
39.985028	116.303884	0
39.984993	116.304067	0
39.985027	116.304163	0
39.985038	116.30426	0
39.985042	116.304459	0
39.985029	116.304647	0
39.985023	116.304811	0
39.985031	116.304927	0
39.985082	116.305192	0
39.985105	116.305348	0
39.985132	116.305499	0
39.985169	116.305649	0
39.985135	116.305834	0
39.985146	116.305984	0
39.985131	116.306178	0
39.985127	116.306363	0
39.985135	116.306531	0
39.985157	116.306711	0
39.98517	116.306893	0
39.985154	116.307092	0
39.985184	116.307341	0
39.98521	116.30751	0
39.985231	116.307633	0
39.98526	116.307735	0
39.98524	116.307933	0
39.985225	116.308133	0
39.985256	116.308313	0
39.985218	116.308579	0
39.985201	116.308774	0
39.985203	116.30898	0
39.985221	116.309152	0
39.985194	116.30931	0
39.985161	116.309494	0
39.98519	116.309701	0
39.985202	116.309888	0
39.985282	116.30998	0
39.985443	116.30998	0
39.985579	116.309969	0
39.985721	116.309961	0
39.98584	116.309941	0
39.98595	116.309978	0
39.986051	116.310034	0
39.986174	116.310025	0
39.986305	116.309956	0
39.986461	116.309885	0
39.986611	116.309862	0
39.986697	116.309893	0
39.986793	116.309956	0
39.986929	116.309974	0
39.987073	116.309987	0
39.987211	116.310004	0
39.987325	116.31007	0
39.987458	116.310084	0
39.987591	116.310088	0
39.987747	116.310049	0
39.987884	116.310027	0
39.988008	116.310059	0
39.988111	116.310052	0
39.988293	116.309902	0
39.988397	116.309931	0
39.988553	116.309866	0
39.988679	116.309824	0
39.988772	116.309784	0
39.988901	116.309793	0
39.989029	116.309833	0
39.989173	116.309866	0
39.989287	116.309905	0
39.989392	116.309949	0
39.989519	116.310031	0
39.989628	116.310049	0
39.989762	116.310024	0
39.989838	116.310098	0
39.989981	116.310115	0
39.990089	116.310169	0
39.990219	116.310215	0
39.990325	116.310258	0
39.990406	116.310277	0
39.99056	116.31019	0
39.99065	116.310134	0
39.990693	116.310114	0
39.990696	116.310111	0
39.990698	116.310105	0
39.990698	116.310103	0
39.990696	116.310101	0
39.990695	116.310095	0
39.990692	116.310092	0
39.99069	116.31009	0
39.990689	116.310088	0
39.990689	116.310087	0
39.990689	116.310087	0
39.990696	116.31009	0
39.990743	116.310066	0
39.990793	116.310109	0
39.990837	116.310205	0
39.990873	116.310318	0
39.990887	116.310479	0
39.990874	116.310657	0
39.990906	116.310827	0
39.990921	116.310971	0
39.990933	116.311149	0
39.990969	116.311312	0
39.990994	116.311507	0
39.991014	116.311693	0
39.99101	116.311915	0
39.991033	116.312107	0
39.991055	116.312282	0
39.991058	116.312473	0
39.991032	116.312666	0
39.991024	116.312853	0
39.991022	116.313047	0
39.991018	116.313244	0
39.991016	116.313469	0
39.991035	116.313681	0
39.991063	116.31384	0
39.991072	116.31403	0
39.991068	116.314209	0
39.991095	116.314385	0
39.991113	116.314596	0
39.991128	116.314797	0
39.991127	116.315003	0
39.991148	116.315193	0
39.991176	116.315342	0
39.991215	116.315529	0
39.991209	116.315643	0
39.991191	116.31579	0
39.991188	116.315958	0
39.991189	116.316172	0
39.991186	116.316381	0
39.991194	116.316575	0
39.991208	116.316756	0
39.99122	116.316999	0
39.991197	116.317235	0
39.991183	116.317452	0
39.991164	116.317661	0
39.991187	116.317874	0
39.991179	116.318083	0
39.991132	116.318231	0
39.991169	116.31848	0
39.991183	116.318691	0
39.991204	116.318904	0
39.991201	116.319098	0
39.991194	116.319315	0
39.991187	116.31949	0
39.991206	116.319683	0
39.991239	116.319866	0
39.991258	116.320062	0
39.991282	116.320255	0
39.991288	116.320445	0
39.991308	116.320622	0
39.991325	116.320803	0
39.991352	116.321002	0
39.991382	116.321179	0
39.991388	116.321384	0
39.991389	116.321583	0
39.991368	116.321736	0
39.99141	116.321874	0
39.991412	116.322004	0
39.991406	116.322176	0
39.991403	116.322296	0
39.991401	116.322436	0
39.991477	116.322668	0
39.991591	116.322784	0
39.991716	116.322778	0
39.991863	116.322774	0
39.992007	116.322784	0
39.992201	116.322812	0
39.992365	116.3228	0
39.992456	116.322797	0
39.9926	116.32281	0
39.992777	116.322891	0
39.992883	116.322891	0
39.993001	116.322713	0
39.993077	116.322617	0
39.993222	116.322651	0
39.993429	116.32276	0
39.993535	116.322744	0
39.99364	116.322658	0
39.993796	116.322579	0
39.994055	116.322804	0
39.994175	116.322829	0
39.994276	116.322786	0
39.994471	116.322763	0
39.994648	116.322723	0
39.99481	116.322641	0
39.994946	116.322625	0
39.995093	116.32262	0
39.995235	116.322606	0
39.995392	116.322607	0
39.995567	116.322533	0
39.995718	116.32252	0
39.995852	116.322517	0
39.995993	116.322556	0
39.99611	116.322544	0
39.996234	116.322552	0
39.996392	116.322481	0
39.996534	116.322464	0
39.996632	116.322425	0
39.996645	116.322412	0
39.996725	116.322348	0
39.996881	116.322337	0
39.997081	116.322428	0
39.997277	116.322428	0
39.997592	116.322314	0
39.99775	116.322301	0
39.997865	116.322317	0
39.997988	116.32231	0
39.998151	116.322261	0
39.998307	116.322268	0
39.998452	116.322236	0
39.998603	116.322225	0
39.998753	116.322225	0
39.998895	116.322254	0
39.999078	116.322196	0
39.999218	116.322176	0
39.999364	116.322161	0
39.999484	116.322148	0
39.999607	116.322178	0
39.999602	116.322324	0
39.999603	116.322434	0
39.999586	116.322587	0
39.999573	116.32276	0
39.999572	116.322932	0
39.999565	116.323134	0
39.999569	116.32328	0
39.999575	116.323448	0
39.999568	116.323605	0
39.999558	116.323605	0
39.999581	116.323732	0
39.999653	116.324069	0
39.999678	116.324258	0
39.999646	116.324405	0
39.999676	116.324452	0
39.999678	116.324453	0
39.999682	116.324455	0
39.999682	116.324455	0
39.999676	116.324456	0
39.999641	116.32451	0
39.999662	116.324481	0
39.999651	116.324477	0
39.999664	116.324493	0
39.999684	116.324511	0
39.999684	116.324511	0
39.999678	116.324511	0
39.999667	116.324512	0
39.999655	116.324513	0
39.999703	116.324496	0
39.99956	116.324498	0
39.999506	116.324545	0
39.999516	116.324531	0
39.999567	116.324478	0
39.999573	116.3246	0
39.999538	116.324639	0
39.999598	116.324684	0
39.999666	116.324722	0
39.999729	116.324801	0
39.999769	116.324886	0
40.004775	116.320158	0
40.004783	116.320388	0
40.004799	116.320545	0
40.004835	116.320683	0
40.004851	116.320835	0
40.004868	116.32101	0
40.004849	116.321153	0
40.004879	116.321277	0
40.004962	116.321318	0
40.005088	116.32128	0
40.00525	116.32126	0
40.005455	116.321389	0
40.005621	116.321455	0
40.005738	116.321491	0
40.005883	116.321518	0
40.006051	116.321521	0
40.006178	116.321463	0
40.00633	116.321461	0
40.006482	116.321474	0
40.006631	116.321459	0
40.006813	116.321447	0
40.006974	116.321454	0
40.007122	116.321396	0
40.007235	116.321356	0
40.00741	116.321395	0
40.007571	116.321412	0
40.007715	116.321414	0
40.007862	116.321426	0
40.008034	116.321437	1
40.00817	116.321441	1
40.008337	116.321425	1
40.008515	116.321421	1
40.008668	116.321446	1
40.008782	116.321443	1
40.008843	116.321385	1
40.008884	116.321402	1
40.00895	116.321449	1
40.009006	116.321502	1
40.009026	116.321564	1
40.009011	116.321623	1
40.009021	116.321625	1
40.009021	116.321625	1
40.00902	116.321631	1
40.009013	116.321659	1
40.008921	116.321484	1
40.008582	116.322217	1
40.008481	116.32244	1
40.008496	116.322406	1
40.00888	116.321628	1
40.00898	116.321587	1
40.00898	116.321544	1
40.008984	116.321525	1
40.008984	116.321525	1
40.008982	116.321517	1
40.008958	116.321457	1
40.008971	116.321436	1
40.009022	116.321434	1
40.009025	116.321374	1
40.00903	116.321397	1
40.009062	116.321462	1
40.009081	116.321486	1
40.00908	116.321479	1
40.00908	116.321479	1
40.009081	116.321481	1
40.009083	116.321491	1
40.009094	116.32152	1
40.009072	116.321585	1
40.009083	116.321467	1
40.00908	116.321442	1
40.009087	116.321453	1
40.009065	116.321479	1
40.009071	116.321517	1
40.009075	116.32156	1
40.009105	116.321616	1
40.00908	116.32156	1
40.009031	116.321491	1
40.008995	116.321407	1
40.008995	116.321407	1
40.008999	116.321412	1
40.008997	116.321399	1
40.008994	116.321389	1
40.008994	116.321389	1
40.008995	116.321392	1
40.009235	116.321472	1
40.009268	116.321446	1
40.00927	116.321447	1
40.00927	116.321447	1
40.009272	116.321451	1
40.00928	116.321473	1
40.009278	116.32147	1
40.009242	116.321445	1
40.009187	116.32143	1
40.009098	116.321437	1
40.009045	116.321485	1
40.009008	116.321449	1
40.008993	116.321501	1
40.009017	116.321558	1
40.008999	116.321511	1
40.008999	116.321511	1
40.008997	116.321518	1
40.008999	116.321537	1
40.009026	116.321518	1
40.009009	116.321499	1
40.009009	116.321499	1
40.009011	116.321506	1
40.009013	116.321522	1
40.009012	116.321576	1
40.009034	116.321569	1
40.009034	116.321569	1
40.009038	116.321575	1
40.009024	116.321614	1
40.009015	116.321526	1
40.008997	116.321432	1
40.008995	116.321455	1
40.008997	116.321485	1
40.009032	116.32151	1
40.009074	116.32148	1
40.009101	116.32153	1
40.009157	116.321596	1
40.009219	116.321657	1
40.009247	116.321721	1
40.009273	116.321781	1
40.009313	116.321871	1
40.009344	116.321952	1
40.009356	116.322007	1
40.009386	116.322103	1
40.009356	116.322121	1
40.009353	116.322135	1
40.009319	116.322152	1
40.009394	116.322162	1
40.009399	116.322179	1
40.009344	116.32219	1
40.009342	116.322177	1
40.009318	116.32219	1
40.009287	116.322206	1
40.00927	116.32222	1
40.009351	116.321916	1
40.009336	116.321838	1
40.009331	116.321811	1
40.009314	116.321823	1
40.009314	116.321833	1
40.009316	116.32185	1
40.009428	116.320888	1
40.008854	116.321493	1
40.008848	116.321349	1
40.008874	116.32116	1
40.008852	116.321109	1
40.008786	116.321037	1
40.008767	116.321012	1
40.008735	116.320977	1
40.008694	116.320964	1
40.008665	116.320937	1
40.008635	116.320886	1
40.008612	116.32083	1
40.008591	116.3208	1
40.008574	116.320772	1
40.008521	116.320688	1
40.008471	116.320669	1
40.008419	116.320654	1
40.008362	116.320619	1
40.008348	116.320573	1
40.008309	116.320547	1
40.008281	116.320543	1
40.008234	116.320499	0
40.008163	116.320473	0
40.008129	116.320418	0
40.008121	116.320359	2
40.008069	116.320335	2
40.008027	116.320309	2
40.00801	116.320287	2
40.007959	116.320241	2
40.007947	116.320238	2
40.007879	116.320237	2
40.007826	116.320239	2
40.007818	116.320239	2
40.007818	116.320239	2
40.007819	116.32024	2
40.007817	116.32023	2
40.007834	116.320181	2
40.007761	116.320093	2
40.007661	116.319986	2
40.007623	116.319953	2
40.007623	116.319953	2
40.007621	116.31995	2
40.007575	116.31987	2
40.007551	116.319732	2
40.007526	116.31965	2
40.007468	116.319517	2
40.007465	116.319506	2
40.007462	116.319493	2
40.007459	116.319436	2
40.007453	116.319403	2
40.007454	116.319391	2
40.007474	116.319376	2
40.0075	116.319364	2
40.007524	116.319357	2
40.007524	116.319321	2
40.007517	116.319312	2
40.007551	116.319307	2
40.007551	116.319307	2
40.007555	116.319313	2
40.00759	116.31934	2
40.00761	116.319355	2
40.007615	116.319369	2
40.007621	116.319385	2
40.007644	116.319403	2
40.007663	116.319417	2
40.007663	116.319417	2
40.007669	116.319414	2
40.007661	116.319384	2
40.007654	116.319321	2
40.007654	116.319266	2
40.00767	116.319215	2
40.007694	116.319181	2
40.007699	116.319151	2
40.007272	116.319756	2
40.007331	116.319657	2
40.007428	116.319432	2
40.007395	116.319354	2
40.007447	116.319379	2
40.007479	116.319371	2
40.007516	116.319316	2
40.007575	116.319238	2
40.007288	116.319088	2
40.007288	116.319088	2
40.007284	116.319084	2
40.007298	116.319036	2
40.007365	116.31903	2
40.007416	116.319007	2
40.007482	116.318957	2
40.007548	116.318852	2
40.007627	116.318775	2
40.007718	116.318705	2
40.007808	116.318623	2
40.007877	116.318546	2
40.007945	116.318487	2
40.00803	116.318444	2
40.008125	116.318365	2
40.008215	116.318248	2
40.008168	116.318293	2
40.008015	116.318471	2
40.008049	116.318444	2
40.008064	116.31838	2
40.008118	116.318326	2
40.008197	116.318275	2
40.008289	116.318251	2
40.008305	116.318267	2
40.008276	116.318339	2
40.008184	116.318474	2
40.008071	116.318568	2
40.007954	116.318639	2
40.007884	116.318684	2
40.007867	116.318699	2
40.007835	116.318706	2
40.007717	116.318842	2
40.007726	116.318826	2
40.007721	116.318792	2
40.007753	116.318741	2
40.007803	116.318672	2
40.007852	116.318565	2
40.007925	116.318494	2
40.008019	116.318455	2
40.006977	116.319607	2
40.007203	116.319334	2
40.00735	116.319131	2
40.007504	116.318956	2
40.007611	116.318793	2
40.007773	116.31865	2
40.007966	116.31854	2
40.007399	116.31912	2
40.007411	116.319124	2
40.00744	116.31909	2
40.007496	116.319085	2
40.00754	116.31909	2
40.007619	116.319094	2
40.007648	116.319041	2
40.007681	116.318962	2
40.007724	116.318892	2
40.007766	116.318825	2
40.007809	116.318799	2
40.007849	116.318754	2
40.007905	116.31869	2
40.007878	116.318784	2
40.007616	116.318863	2
40.007692	116.318817	2
40.007794	116.318827	2
40.007898	116.318829	2
40.007981	116.318788	2
40.008009	116.318763	2
40.008031	116.318756	2
40.008055	116.318753	2
40.008237	116.318816	2
40.008306	116.318941	2
40.008283	116.318897	2
40.0083	116.318936	2
40.007645	116.319454	2
40.007582	116.319409	2
40.007581	116.319385	2
40.007612	116.319403	2
40.007694	116.319429	2
40.007778	116.319475	2
40.007876	116.319505	2
40.007974	116.319529	2
40.008096	116.319537	2
40.008196	116.319549	2
40.008292	116.319591	2
40.008369	116.319618	2
40.008421	116.319597	2
40.008452	116.319548	2
40.008503	116.319525	2
40.008544	116.31949	0
40.008601	116.319482	0
40.008617	116.319483	0
40.008617	116.319483	0
40.008625	116.319489	0
40.00864	116.319488	0
40.008645	116.319484	0
40.008645	116.319484	0
40.008649	116.319481	0
40.008669	116.319455	0
40.006747	116.318549	0
40.006747	116.318549	0
40.006755	116.318544	0
40.006742	116.318571	0
40.006744	116.31856	0
40.006745	116.318572	0
40.006745	116.318581	0
40.006739	116.318568	0
40.006722	116.318548	0
40.006719	116.318565	0
40.006724	116.318625	0
40.006745	116.318817	0
40.006715	116.318884	0
40.006721	116.318965	0
40.006753	116.319072	2
40.006785	116.319175	2
40.00681	116.319239	2
40.006849	116.319286	2
40.006811	116.319309	2
40.006789	116.319351	2
40.006791	116.319398	2
40.006828	116.319424	2
40.006872	116.319419	2
40.006893	116.319381	2
40.006975	116.319294	2
40.007457	116.319674	2
40.007457	116.319674	2
40.007458	116.319676	2
40.007479	116.319695	2
40.007572	116.319786	2
40.007582	116.319816	2
40.007621	116.319834	2
40.007629	116.31989	2
40.007634	116.319966	2
40.007646	116.32005	2
40.00766	116.320119	2
40.007686	116.320243	2
40.007748	116.320301	2
40.007802	116.320389	2
40.007819	116.320364	2
40.007853	116.320343	2
40.007912	116.320328	2
40.007978	116.320325	2
40.007999	116.320339	2
40.008036	116.320394	2
40.008125	116.320486	0
40.008172	116.320571	0
40.008182	116.320646	1
40.008226	116.320738	1
40.008236	116.32081	1
40.008306	116.320851	1
40.008373	116.320857	1
40.008418	116.320872	1
40.00846	116.320864	1
40.008507	116.320918	1
40.008535	116.320997	1
40.008565	116.321079	1
40.008619	116.321168	1
40.008663	116.321249	1
40.008684	116.321297	1
40.008724	116.321395	1
40.008776	116.321462	1
40.008804	116.321504	1
40.008839	116.321516	1
40.008879	116.321555	1
40.008891	116.321571	1
40.008873	116.321615	1
40.008858	116.321677	1
40.008864	116.321766	1
40.00887	116.321858	1
40.008864	116.321933	1
40.008862	116.322009	1
40.008855	116.322087	1
40.008873	116.322144	1
40.008874	116.322234	1
40.008869	116.322306	1
40.008835	116.322331	1
40.008814	116.322311	1
40.008813	116.3223	1
40.008813	116.3223	1
40.008821	116.322297	1
40.008833	116.322297	1
40.008842	116.322298	1
40.008761	116.323722	0
40.008765	116.32369	0
40.00865	116.323112	0
40.008786	116.322741	1
40.008889	116.322551	1
40.008962	116.322462	1
40.008988	116.322356	1
40.009068	116.322259	1
40.009107	116.322177	1
40.009086	116.322088	1
40.008929	116.321992	1
40.008849	116.32191	1
40.008799	116.32185	1
40.008827	116.321784	1
40.008862	116.321736	1
40.008898	116.321695	1
40.008901	116.321684	1
40.008905	116.321683	1
40.008905	116.321683	1
40.008905	116.321682	1
40.008934	116.321623	1
40.008945	116.321551	1
40.008851	116.321485	1
40.008607	116.321862	1
40.008652	116.322251	1
40.008897	116.321603	1
40.008928	116.32161	1
40.009013	116.321431	1
40.009027	116.321399	1
40.009064	116.321326	1
40.009172	116.321211	1
40.009204	116.32113	1
40.009243	116.32105	1
40.009269	116.320978	1
40.009328	116.320887	1
